NZ_CP138514.1_476	2747_tnpA_Y13383.2	74.333	974	204	41	1	951	1	951	1.80e-103	372	100
NZ_CP138514.1_703	2747_tnpA_Y13383.2	74.333	974	204	41	1	951	1	951	1.80e-103	372	100
NZ_CP138516.1_77	2797_tnpA_U66917.2	74.771	436	104	5	32	464	35	467	2.88e-49	191	84
NZ_CP138516.1_1091	2042_tnpA_CAGT01000190.1	70.751	253	70	4	1	251	10	260	2.21e-08	54.7	85
NZ_CP138497.1_222	1753_IS91_CP000272.1	80.342	234	45	1	19	252	1309	1541	3.79e-45	176	93
NZ_CP138497.1_387	1753_IS91_CP000272.1	81.333	225	41	1	1	225	1318	1541	7.19e-47	182	100
NZ_CP138497.1_522	2479_istB1_LK391695.1	79.355	775	134	22	19	774	10	777	1.59e-148	521	84
NZ_CP138497.1_616	1753_IS91_CP000272.1	73.710	1202	261	45	365	1539	368	1541	3.72e-117	418	76
NZ_CP076395.1_1	779_tnpA_GU067641.1	86.717	527	66	4	1	525	1	525	4.14e-167	582	100
NZ_CP076395.1_10	2278_istB_AB270530.1	76.758	697	160	2	34	729	16	711	1.36e-108	388	95
NZ_CP076395.1_11	1966_istA_AB270530.1	74.209	1485	347	32	49	1515	49	1515	2.63e-168	588	97
NZ_CP076395.1_23	278_tnpA_AB304081.1	100.000	764	0	0	2	765	1	764	0.0	1411	99
NZ_CP076395.1_162	945_tnpA_AB032203.1	99.671	1215	4	0	118	1332	1	1215	0.0	2222	91
NZ_CP076395.1_230	1305_istB_EF107516.1	75.910	577	125	13	147	716	132	701	7.32e-77	283	71
NZ_CP136338.1_10	299_tnpA_AH010657.3	99.829	2916	2	2	1	2916	1	2913	0.0	5354	100
NZ_CP136338.1_18	299_tnpA_AH010657.3	99.794	2916	3	2	1	2916	1	2913	0.0	5349	100
NZ_CP136338.1_33	299_tnpA_AH010657.3	99.829	2916	2	2	1	2916	1	2913	0.0	5354	100
NZ_CP136338.1_81	299_tnpA_AH010657.3	99.829	2916	2	2	1	2916	1	2913	0.0	5354	100
NZ_CP136338.1_82	517_tnpA_U66917.2	99.913	1149	1	0	1	1149	400	1548	0.0	2117	100
NZ_CP136338.1_87	514_IS91_MRWY01000004.1	99.600	250	1	0	1	250	1	250	1.33e-129	457	91
NZ_CP136338.1_88	2451_tnpA_JN106169.1	99.963	2703	1	0	1	2703	1	2703	0.0	4987	100
NZ_CP155749.1_15	2148_IS91_CP002798.1	89.139	267	29	0	1	267	1	267	2.26e-92	333	100
NZ_LR743510.1_329	1274_IS91_CP001349.1	84.533	375	58	0	1	375	1	375	6.86e-104	372	100
NZ_LR743510.1_399	1274_IS91_CP001349.1	84.533	375	58	0	1	375	1	375	6.86e-104	372	100
NZ_LR743510.1_463	1274_IS91_CP001349.1	84.533	375	58	0	1	375	1	375	6.86e-104	372	100
NZ_LR743510.1_1370	2052_tnpA_CU459003.1	71.181	288	79	4	69	354	1302	1587	1.04e-12	69.4	74
NZ_CP062179.1_421	1650_tnpA_CP000352.1	90.109	1011	100	0	22	1032	1	1011	0.0	1314	98
NZ_CP046503.1_19	729_tnpA_LC155908.1	100.000	705	0	0	1	705	19	723	0.0	1303	100
NZ_CP046503.1_20	1017_tnpA_FKLR01000027.1	95.324	2866	134	0	6	2871	201	3066	0.0	4551	99
NZ_CP046503.1_21	739_tnpA_FQ482074.1	88.574	1024	115	2	1	1023	40	1062	0.0	1242	100
NZ_CP046503.1_22	320_tnpA_AJ534881.1	100.000	222	0	0	1	222	495	274	8.30e-116	411	100
NZ_CP046503.1_23	729_tnpA_LC155908.1	100.000	705	0	0	1	705	19	723	0.0	1303	100
NZ_CP046503.1_25	2223_tnpA_CR942285.1	99.275	276	2	0	1	276	427	702	2.18e-142	499	100
NZ_CP046503.1_37	1777_tnpA_AH009976.2	92.819	376	26	1	1	376	436	810	1.52e-155	544	91
NZ_CP046503.1_39	1777_tnpA_AH009976.2	92.958	355	25	0	1	355	7	361	7.25e-149	521	85
NZ_CP046503.1_40	2305_IS91_CP005927.1	96.491	285	10	0	1	285	1	285	4.93e-134	472	100
NZ_CP046503.1_41	2223_tnpA_CR942285.1	96.825	378	12	0	1	378	621	998	0.0	632	99
NZ_CP046503.1_51	323_tnpA_KU682281.1	96.716	1005	33	0	1	1005	1	1005	0.0	1674	100
NZ_CP046503.1_58	729_tnpA_LC155908.1	100.000	705	0	0	1	705	19	723	0.0	1303	100
NZ_CP046503.1_64	427_tnpA_JF785549.1	99.419	1032	6	0	1	1032	1	1032	0.0	1873	100
NZ_CP046503.1_80	729_tnpA_LC155908.1	100.000	705	0	0	1	705	19	723	0.0	1303	100
NZ_CP046503.1_92	729_tnpA_LC155908.1	100.000	705	0	0	1	705	19	723	0.0	1303	100
NZ_CP046503.1_94	2223_tnpA_CR942285.1	97.826	276	6	0	1	276	427	702	1.02e-135	477	100
NZ_CP046503.1_96	729_tnpA_LC155908.1	100.000	705	0	0	1	705	19	723	0.0	1303	100
NZ_CP046503.1_106	434_tnpA_KC170280.1	100.000	174	0	0	1	174	1	174	3.76e-89	322	83
NZ_CP046503.1_107	692_tnpA_HM560971.1	99.645	282	1	0	1	282	282	1	2.29e-147	516	97
NZ_CP046503.1_114	729_tnpA_LC155908.1	100.000	705	0	0	1	705	19	723	0.0	1303	100
NZ_CP046503.1_120	729_tnpA_LC155908.1	100.000	705	0	0	1	705	19	723	0.0	1303	100
NZ_CP046503.1_122	333_tnpA_KP893385.1	99.898	981	1	0	1	981	1	981	0.0	1807	100
NZ_CP046503.1_125	1433_tnpA_KJ488943.1	100.000	283	0	0	1	283	1	283	1.42e-149	523	94
NZ_CP046503.1_128	333_tnpA_KP893385.1	99.867	753	1	0	1	753	229	981	0.0	1386	100
NZ_CP046503.1_129	2223_tnpA_CR942285.1	97.826	276	6	0	1	276	427	702	1.02e-135	477	100
NZ_CP046503.1_136	1969_tnpA_X87144.1	76.438	365	73	7	6	357	18	382	9.91e-48	185	91
NZ_CP046503.1_137	2190_tnpA_JN412066.1	92.145	331	25	1	1	330	46	376	2.68e-132	466	100
NZ_CP046503.1_140	1969_tnpA_X87144.1	78.788	264	53	3	4	265	443	705	1.47e-44	174	97
NZ_CP046503.1_143	349_tnpA_JX041889.1	77.740	292	60	3	3	291	697	986	1.75e-44	174	91
NZ_CP046503.1_144	739_tnpA_FQ482074.1	87.389	563	62	1	21	574	423	985	0.0	638	95
NZ_CP046503.1_145	1916_tnpA_KC170280.1	89.785	372	38	0	1	372	1	372	1.53e-135	477	92
NZ_CP046503.1_152	1916_tnpA_KC170280.1	79.392	1019	200	8	1	1014	1	1014	0.0	710	99
NZ_CP046503.1_153	729_tnpA_LC155908.1	100.000	705	0	0	1	705	19	723	0.0	1303	100
NZ_CP046503.1_212	2116_IS91_FN649418.1	99.740	1152	3	0	1	1152	326	1477	0.0	2111	100
NZ_CP046503.1_213	2741_tnpA_CTKN01000016.1	99.203	251	2	0	1	251	1	251	2.14e-128	453	74
NZ_CP046503.1_219	2198_tnpA_KX710093.1	100.000	1359	0	0	1	1359	1	1359	0.0	2510	100
NZ_CP046503.1_230	427_tnpA_JF785549.1	99.419	1032	6	0	1	1032	1	1032	0.0	1873	100
NZ_CP046503.1_235	1242_tnpA_KP826710.1	87.838	666	81	0	1	666	29	694	0.0	782	82
NZ_CP046503.1_236	2116_IS91_FN649418.1	99.740	1152	3	0	1	1152	326	1477	0.0	2111	100
NZ_CP046503.1_237	691_tnpA_CTIT01000004.1	98.406	251	4	0	1	251	1	251	4.89e-125	442	70
NZ_CP046503.1_245	333_tnpA_KP893385.1	99.898	981	1	0	1	981	1	981	0.0	1807	100
NZ_CP046503.1_370	2116_IS91_FN649418.1	99.740	1152	3	0	1	1152	326	1477	0.0	2111	100
NZ_CP049912.1_4	299_tnpA_AH010657.3	99.805	2568	2	2	1	2568	349	2913	0.0	4711	100
NZ_CP049912.1_18	569_tniA_CP000353.2	99.465	1683	9	0	1	1683	37	1719	0.0	3059	100
NZ_CP049912.1_19	951_tniB_JN106167.1	98.900	909	10	0	1	909	1	909	0.0	1624	100
NZ_CP049912.1_44	517_tnpA_U66917.2	99.092	1431	13	0	1	1431	100	1530	0.0	2571	98
NZ_CP049912.1_45	1466_tnpA_CP000355.2	99.787	469	0	1	1	468	1	469	0.0	859	100
NZ_CP049912.1_46	660_tnpA_CP000355.2	99.689	644	0	2	1	642	150	793	0.0	1177	100
NZ_CP049912.1_47	660_tnpA_CP000355.2	99.186	614	0	4	1	609	937	1550	0.0	1101	100
NZ_CP049912.1_48	660_tnpA_CP000355.2	99.519	416	0	2	1	414	1630	2045	0.0	756	100
NZ_CP049912.1_49	660_tnpA_CP000355.2	100.000	255	0	0	1	255	2176	2430	4.37e-134	472	100
NZ_CP049912.1_52	1522_tnpA_AY327575.2	89.881	672	66	2	155	825	65	735	0.0	863	81
NZ_CP049906.1_221	934_tnpA_AJ344068.1	71.946	745	178	27	70	799	76	804	1.79e-48	189	83
NZ_CP049906.1_222	1421_IS91_CP000539.1	83.146	267	41	4	15	279	15	279	1.48e-64	241	95
NZ_CP071828.1_17	1831_tnpA_AY639948.1	75.429	1050	214	34	131	1164	126	1147	8.26e-133	470	82
NZ_CP071828.1_33	1905_tnpA_FP885897.1	85.749	1249	178	0	1	1249	1	1249	0.0	1321	99
NZ_CP071828.1_70	1876_tnpA_AY305378.1	79.167	1008	202	7	15	1018	12	1015	0.0	691	98
NZ_CP071828.1_147	2050_tnpA_CP000353.2	100.000	297	0	0	1	297	1	297	2.31e-157	549	100
NZ_CP071828.1_180	2768_tnpA_CP010516.1	70.789	1027	238	50	1	996	148	1143	4.48e-45	178	99
NZ_CP071828.1_189	660_tnpA_CP000355.2	100.000	528	0	0	1	528	1903	2430	0.0	976	100
NZ_CP071828.1_190	1091_tnpA_AY327575.2	99.832	2385	3	1	1	2385	1	2384	0.0	4381	100
NZ_CP071828.1_211	398_tnpA*_EU287476.1	95.435	2979	114	19	1	2970	1	2966	0.0	4728	100
NZ_CP071828.1_286	1831_tnpA_AY639948.1	75.429	1050	214	34	131	1164	126	1147	8.26e-133	470	82
NZ_CP069303.1_2990	2644_IS91_CP002447.1	78.818	203	43	0	43	245	28	230	2.02e-33	137	72
NZ_CP069303.1_3045	2589_IS91_FQ482074.1	95.833	312	13	0	1	312	22	333	5.35e-144	505	100
CP063167.1_882	2726_IS91_CP001635.1	92.647	204	15	0	1	204	64	267	7.95e-81	294	100
NZ_CP062064.1_18	746_tnpA_AJ863570.1	84.499	3032	452	16	8	3030	8	3030	0.0	2979	99
NZ_CP062064.1_19	2157_tnpA4_FJ948173.1	80.827	532	96	6	116	644	14	542	7.67e-116	412	76
NZ_CP062064.1_30	951_tniB_JN106167.1	99.890	909	1	0	1	909	1	909	0.0	1674	100
NZ_CP062064.1_31	569_tniA_CP000353.2	99.942	1719	1	0	1	1719	1	1719	0.0	3169	100
NZ_CP062064.1_33	904_tnpA_CP000353.2	77.728	1109	216	25	1	1095	1	1092	0.0	651	99
NZ_CP062064.1_53	1688_IS91_CP000529.1	79.371	286	49	10	1	281	1	281	4.39e-50	193	97
NZ_CP062064.1_86	2583_tnpA_KR258747.1	78.613	346	70	4	47	390	44	387	5.89e-60	226	88
NZ_CP062064.1_102	2583_tnpA_KR258747.1	78.613	346	70	4	47	390	44	387	5.89e-60	226	88
NZ_CP062064.1_152	2300_tnpA_LRIA01000135.1	100.000	627	0	0	1	627	1	627	0.0	1158	100
NZ_CP115947.1_264	936_tnpA_KC609323.1	72.513	764	181	27	1	750	1	749	5.69e-58	220	95
NZ_CP115947.1_309	1269_IS91_CP002783.1	77.439	164	30	6	2	162	195	354	1.25e-19	91.6	72
NZ_CP115947.1_589	936_tnpA_KC609323.1	72.382	764	182	27	1	750	1	749	2.65e-56	215	95
NZ_CP115947.1_693	936_tnpA_KC609323.1	72.382	764	182	27	1	750	1	749	2.65e-56	215	95
NZ_CP115947.1_840	738_tnpA_FP885907.1	94.484	1251	69	0	1	1251	1	1251	0.0	1929	100
NZ_CP115947.1_946	2768_tnpA_CP010516.1	82.873	3007	495	20	1	2997	1	2997	0.0	2682	99
NZ_CP115947.1_948	1269_IS91_CP002783.1	77.723	202	34	10	3	198	158	354	3.13e-26	113	75
NZ_CP115947.1_994	1269_IS91_CP002783.1	77.723	202	34	10	3	198	158	354	3.13e-26	113	75
NZ_CP115947.1_1020	936_tnpA_KC609323.1	72.513	764	181	27	1	750	1	749	5.69e-58	220	95
NZ_CP115947.1_1192	936_tnpA_KC609323.1	72.513	764	181	27	1	750	1	749	5.69e-58	220	95
NZ_CP115947.1_1383	936_tnpA_KC609323.1	72.513	764	181	27	1	750	1	749	5.69e-58	220	95
NZ_CP115947.1_1506	936_tnpA_KC609323.1	72.382	764	182	27	1	750	1	749	2.65e-56	215	95
NZ_CP115947.1_1508	1269_IS91_CP002783.1	77.723	202	34	10	3	198	158	354	3.13e-26	113	75
NZ_CP115947.1_1665	936_tnpA_KC609323.1	72.382	764	182	27	1	750	1	749	2.65e-56	215	95
NZ_CP115947.1_1667	1269_IS91_CP002783.1	77.723	202	34	10	3	198	158	354	3.13e-26	113	75
NZ_CP115947.1_1768	936_tnpA_KC609323.1	72.513	764	181	27	1	750	1	749	5.69e-58	220	95
NZ_CP115947.1_1799	936_tnpA_KC609323.1	72.513	764	181	27	1	750	1	749	5.69e-58	220	95
NZ_CP115947.1_1971	936_tnpA_KC609323.1	72.513	764	181	27	1	750	1	749	5.69e-58	220	95
NZ_CP115942.1_87	738_tnpA_FP885907.1	78.072	1058	204	24	135	1178	108	1151	0.0	643	82
NZ_CP115942.1_90	738_tnpA_FP885907.1	78.072	1058	204	24	135	1178	108	1151	0.0	643	82
NZ_CP115942.1_199	800_tnpA3_FR854064.1	99.902	1020	1	0	1	1020	1	1020	0.0	1879	100
NZ_CP115942.1_202	2081_tnpA_JX077110.1	72.371	485	113	14	88	563	271	743	5.79e-32	134	79
NZ_CP115942.1_205	738_tnpA_FP885907.1	77.956	1057	207	23	135	1178	108	1151	0.0	638	82
NZ_CP115942.1_206	800_tnpA3_FR854064.1	99.902	1020	1	0	1	1020	1	1020	0.0	1879	100
NZ_CP115942.1_227	2081_tnpA_JX077110.1	72.371	485	113	14	88	563	271	743	5.79e-32	134	79
NZ_CP115942.1_230	738_tnpA_FP885907.1	77.956	1057	207	23	135	1178	108	1151	0.0	638	82
NZ_CP115942.1_232	738_tnpA_FP885907.1	77.956	1057	207	23	135	1178	108	1151	0.0	638	82
NZ_CP115942.1_258	738_tnpA_FP885907.1	78.072	1058	204	24	135	1178	108	1151	0.0	643	82
NZ_CP115942.1_260	738_tnpA_FP885907.1	78.072	1058	204	24	135	1178	108	1151	0.0	643	82
NZ_CP115942.1_274	738_tnpA_FP885907.1	78.072	1058	204	24	135	1178	108	1151	0.0	643	82
NZ_CP115942.1_289	800_tnpA3_FR854064.1	99.902	1020	1	0	1	1020	1	1020	0.0	1879	100
NZ_CP115942.1_300	800_tnpA3_FR854064.1	100.000	1020	0	0	1	1020	1	1020	0.0	1884	100
NZ_CP115942.1_303	738_tnpA_FP885907.1	78.072	1058	204	24	135	1178	108	1151	0.0	643	82
NZ_CP115942.1_305	800_tnpA3_FR854064.1	100.000	813	0	0	1	813	208	1020	0.0	1502	100
NZ_CP115942.1_355	800_tnpA3_FR854064.1	100.000	384	0	0	1	384	1	384	0.0	710	90
NZ_CP115942.1_356	738_tnpA_FP885907.1	78.072	1058	204	24	135	1178	108	1151	0.0	643	82
NZ_CP115942.1_491	800_tnpA3_FR854064.1	100.000	813	0	0	1	813	208	1020	0.0	1502	100
NZ_CP115942.1_522	800_tnpA3_FR854064.1	99.649	570	1	1	1	570	452	1020	0.0	1040	100
NZ_CP115942.1_523	738_tnpA_FP885907.1	78.072	1058	204	24	135	1178	108	1151	0.0	643	82
NZ_CP115942.1_527	2081_tnpA_JX077110.1	72.371	485	113	14	88	563	271	743	5.79e-32	134	79
NZ_CP115942.1_530	800_tnpA3_FR854064.1	99.735	378	1	0	1	378	643	1020	0.0	693	100
NZ_CP115942.1_536	1831_tnpA_AY639948.1	78.515	889	157	27	1	878	281	1146	6.15e-158	553	90
NZ_CP115942.1_537	1432_IS91_CP000316.1	73.134	268	58	12	34	294	46	306	2.79e-17	84.2	89
NZ_CP115942.1_545	800_tnpA3_FR854064.1	99.804	1020	2	0	1	1020	1	1020	0.0	1873	100
NZ_CP115942.1_617	800_tnpA3_FR854064.1	99.877	813	1	0	1	813	208	1020	0.0	1496	100
NZ_CP115942.1_629	738_tnpA_FP885907.1	78.072	1058	204	24	135	1178	108	1151	0.0	643	82
NZ_CP115942.1_630	800_tnpA3_FR854064.1	99.729	369	1	0	37	405	652	1020	0.0	676	91
NZ_CP115942.1_631	738_tnpA_FP885907.1	78.072	1058	204	24	135	1178	108	1151	0.0	643	82
NZ_CP115942.1_633	800_tnpA3_FR854064.1	100.000	114	0	0	1	114	1	114	4.39e-56	211	97
NZ_CP115942.1_636	800_tnpA3_FR854064.1	100.000	813	0	0	1	813	208	1020	0.0	1502	100
NZ_CP115942.1_674	800_tnpA3_FR854064.1	99.902	1020	1	0	1	1020	1	1020	0.0	1879	100
NZ_CP115942.1_697	738_tnpA_FP885907.1	78.072	1058	204	24	135	1178	108	1151	0.0	643	82
NZ_CP115942.1_1073	800_tnpA3_FR854064.1	100.000	1020	0	0	1	1020	1	1020	0.0	1884	100
NZ_CP115942.1_1093	800_tnpA3_FR854064.1	100.000	1020	0	0	1	1020	1	1020	0.0	1884	100
NZ_CP115942.1_1097	2081_tnpA_JX077110.1	72.371	485	113	14	88	563	271	743	5.79e-32	134	79
NZ_CP115942.1_1178	738_tnpA_FP885907.1	78.072	1058	204	24	135	1178	108	1151	0.0	643	82
NZ_CP115942.1_1239	800_tnpA3_FR854064.1	99.804	1020	2	0	1	1020	1	1020	0.0	1873	100
NZ_CP115942.1_1248	738_tnpA_FP885907.1	77.956	1057	207	23	135	1178	108	1151	0.0	638	82
NZ_CP115942.1_1319	738_tnpA_FP885907.1	78.072	1058	204	24	135	1178	108	1151	0.0	643	82
NZ_CP115942.1_1348	2081_tnpA_JX077110.1	72.371	485	113	14	88	563	271	743	5.79e-32	134	79
NZ_CP117194.1_1	746_tnpA_AJ863570.1	90.050	3025	298	1	9	3033	9	3030	0.0	3916	99
NZ_CP117194.1_2	660_tnpA_CP000355.2	99.516	413	0	1	65	477	1097	1507	0.0	750	87
NZ_CP117194.1_6	1159_tnpA_DQ057986.1	91.540	2967	251	0	1	2967	1	2967	0.0	4089	100
NZ_CP117194.1_7	660_tnpA_CP000355.2	100.000	918	0	0	1	918	1513	2430	0.0	1696	100
NZ_CP117194.1_23	299_tnpA_AH010657.3	84.923	2925	420	17	13	2928	1	2913	0.0	2939	99
NZ_CP117194.1_25	1376_tnpA_CCXZ01000025.1	73.561	1112	244	41	100	1186	100	1186	1.61e-105	379	77
NZ_CP117194.1_35	940_tnpA_AF086815.2	88.818	1091	120	2	1	1091	8	1096	0.0	1338	88
NZ_CP117194.1_53	1870_istA3_LK391695.1	87.787	1261	124	13	202	1453	199	1438	0.0	1448	83
NZ_CP117194.1_57	1480_tnpA_AF086815.2	98.655	818	11	0	29	846	132	949	0.0	1450	97
NZ_CP117194.1_64	940_tnpA_AF086815.2	90.377	1060	100	2	1	1059	38	1096	0.0	1391	100
NZ_CP117194.1_77	533_tnpA_CBTV010000137.1	100.000	575	0	0	2	576	2396	2970	0.0	1062	99
NZ_CP117194.1_88	2338_tnpA_EF628291.1	82.922	931	151	7	1	927	1	927	0.0	832	98
NZ_CP117194.1_107	959_IS91_AP014651.1	76.645	304	58	11	55	350	25	323	7.26e-39	156	82
NZ_CP117194.1_140	593_tnpA2_DQ126685.1	100.000	537	0	0	1	537	16	552	0.0	992	100
NZ_CP117194.1_143	2471_tnpA-1_AJ877225.1	99.824	567	1	0	1	567	1	567	0.0	1042	100
NZ_CP117194.1_145	299_tnpA_AH010657.3	99.794	2916	3	2	1	2916	1	2913	0.0	5349	100
NZ_CP117194.1_183	299_tnpA_AH010657.3	99.794	2916	3	2	1	2916	1	2913	0.0	5349	100
NZ_CP117194.1_196	1091_tnpA_AY327575.2	99.811	1588	3	0	1	1588	1	1588	0.0	2916	98
NZ_CP117194.1_200	593_tnpA2_DQ126685.1	81.111	540	96	6	1	537	16	552	2.10e-120	427	100
NZ_CP117194.1_203	2157_tnpA4_FJ948173.1	91.412	524	43	2	68	590	14	536	0.0	717	82
NZ_AP026896.1_2	1181_tnpA11_HG916826.1	74.458	877	204	16	337	1203	85	951	4.95e-100	361	72
NZ_AP026896.1_32	421_tnpA_KU167609.1	99.469	753	4	0	1	753	265	1017	0.0	1369	100
NZ_AP026896.1_33	421_tnpA_KU167609.1	97.934	242	5	0	1	242	1	242	1.52e-118	420	99
NZ_AP026896.1_58	427_tnpA_JF785549.1	72.813	423	101	12	44	459	524	939	1.90e-31	132	75
NZ_AP026896.1_59	1528_tnpA_JN849689.1	77.902	1077	224	12	10	1079	325	1394	0.0	658	97
NZ_AP026896.1_60	1528_tnpA_JN849689.1	76.534	1304	286	18	25	1318	40	1333	0.0	695	93
NZ_AP026896.1_62	1528_tnpA_JN849689.1	77.253	677	148	6	1	674	721	1394	1.01e-109	392	96
NZ_AP026896.1_63	1528_tnpA_JN849689.1	76.777	1365	297	18	25	1379	40	1394	0.0	747	96
NZ_AP026896.1_64	1528_tnpA_JN849689.1	76.411	691	149	12	25	708	40	723	3.20e-100	361	87
NZ_AP026896.1_117	1528_tnpA_JN849689.1	76.895	277	57	6	1	272	1	275	2.62e-37	150	95
NZ_AP026896.1_118	1528_tnpA_JN849689.1	76.777	1365	297	18	25	1379	40	1394	0.0	747	96
NZ_AP026896.1_119	1528_tnpA_JN849689.1	81.684	1152	198	11	12	1158	276	1419	0.0	946	99
NZ_AP026896.1_158	427_tnpA_JF785549.1	72.046	347	87	9	13	354	598	939	2.00e-20	95.3	77
NZ_AP026896.1_231	1686_tnpA_AE014299.2	70.741	540	134	22	12	539	374	901	5.81e-22	100	88
NZ_AP026896.1_236	1686_tnpA_AE014299.2	70.741	540	134	22	12	539	374	901	5.81e-22	100	88
NZ_AP026896.1_240	1528_tnpA_JN849689.1	80.686	1429	256	18	1	1419	1	1419	0.0	1092	100
NZ_AP026896.1_241	1761_tnpA_HM370391.1	99.924	1317	1	0	1	1317	1	1317	0.0	2427	96
NZ_AP026896.1_258	1528_tnpA_JN849689.1	76.777	1365	297	18	25	1379	40	1394	0.0	747	96
NZ_AP026896.1_266	545_tnpA(ISnew)_AJ698325.1	99.765	1275	3	0	1	1275	1	1275	0.0	2338	100
NZ_AP026896.1_267	1686_tnpA_AE014299.2	70.741	540	134	22	12	539	374	901	5.81e-22	100	88
NZ_AP026896.1_316	545_tnpA(ISnew)_AJ698325.1	99.686	1275	4	0	1	1275	1	1275	0.0	2333	100
NZ_AP026896.1_343	545_tnpA(ISnew)_AJ698325.1	99.765	1275	3	0	1	1275	1	1275	0.0	2338	100
NZ_AP026896.1_345	1021_tnpA_3_KU665642.1	91.367	1112	96	0	1	1112	1	1112	0.0	1522	98
NZ_AP026896.1_361	957_tnpA_KX029332.1	76.314	1237	273	19	1	1227	1	1227	0.0	643	100
NZ_AP026896.1_397	545_tnpA(ISnew)_AJ698325.1	99.765	1275	3	0	1	1275	1	1275	0.0	2338	100
NZ_AP026896.1_399	1524_tnpA_JN849689.1	84.803	737	112	0	49	785	4	740	0.0	741	78
NZ_AP026896.1_400	1528_tnpA_JN849689.1	76.777	1365	297	18	25	1379	40	1394	0.0	747	96
NZ_AP026896.1_517	421_tnpA_KU167609.1	99.185	981	8	0	1	981	37	1017	0.0	1768	100
NZ_AP026896.1_520	428_tnpA_JX077110.1	76.292	329	70	7	62	386	32	356	1.02e-42	169	82
NZ_AP026896.1_522	554_tnpAcp1_FJ187822.1	100.000	222	0	0	1	222	517	738	8.30e-116	411	100
NZ_AP026896.1_523	1528_tnpA_JN849689.1	76.777	1365	297	18	25	1379	40	1394	0.0	747	96
NZ_AP026896.1_550	1181_tnpA11_HG916826.1	74.572	877	203	16	337	1203	85	951	1.06e-101	366	72
NZ_AP026896.1_621	545_tnpA(ISnew)_AJ698325.1	99.686	1275	4	0	1	1275	1	1275	0.0	2333	100
NZ_AP026896.1_627	1528_tnpA_JN849689.1	76.777	1365	297	18	25	1379	40	1394	0.0	747	96
NZ_AP026896.1_672	1686_tnpA_AE014299.2	70.741	540	134	22	12	539	374	901	5.81e-22	100	88
NZ_AP026896.1_673	421_tnpA_KU167609.1	99.084	873	8	0	1	873	145	1017	0.0	1568	100
NZ_AP026896.1_674	1528_tnpA_JN849689.1	76.777	1365	297	18	25	1379	40	1394	0.0	747	96
NZ_AP026896.1_675	421_tnpA_KU167609.1	100.000	97	0	0	1	97	37	133	1.31e-46	180	79
NZ_AP026896.1_677	1021_tnpA_3_KU665642.1	91.367	1112	96	0	1	1112	1	1112	0.0	1522	98
NZ_AP026896.1_678	949_tnpA_CP000646.1	93.827	1215	75	0	13	1227	1	1215	0.0	1829	99
NZ_AP026896.1_681	1642_tnpAIS50-A_KF056330.2	90.802	1272	111	2	1	1266	178	1449	0.0	1696	100
NZ_AP026896.1_687	2125_IS91_CP005966.1	97.756	312	1	1	1	312	1	306	2.45e-152	532	100
NZ_AP026896.1_720	1528_tnpA_JN849689.1	76.160	625	139	9	25	644	40	659	4.87e-88	320	88
NZ_AP026896.1_721	1528_tnpA_JN849689.1	76.777	1365	297	18	25	1379	40	1394	0.0	747	96
NZ_AP026896.1_800	718_tnpA_KF680002.1	100.000	1168	0	0	1	1168	1	1168	0.0	2158	99
NZ_AP026896.1_801	1021_tnpA_3_KU665642.1	91.367	1112	96	0	1	1112	1	1112	0.0	1522	98
NZ_AP026896.1_802	1528_tnpA_JN849689.1	76.777	1365	297	18	25	1379	40	1394	0.0	747	96
NZ_AP026896.1_804	1528_tnpA_JN849689.1	76.777	1365	297	18	25	1379	40	1394	0.0	747	96
NZ_AP026896.1_805	949_tnpA_CP000646.1	93.781	1206	75	0	13	1218	1	1206	0.0	1812	95
NZ_AP026896.1_1012	545_tnpA(ISnew)_AJ698325.1	99.765	1275	3	0	1	1275	1	1275	0.0	2338	100
NZ_AP026896.1_1030	1642_tnpAIS50-A_KF056330.2	90.802	1272	111	2	1	1266	178	1449	0.0	1696	100
NZ_AP026896.1_1058	1642_tnpAIS50-A_KF056330.2	90.802	1272	111	2	1	1266	178	1449	0.0	1696	100
NZ_AP026896.1_1060	545_tnpA(ISnew)_AJ698325.1	99.765	1275	3	0	1	1275	1	1275	0.0	2338	100
NZ_AP026896.1_1112	1021_tnpA_3_KU665642.1	91.367	1112	96	0	1	1112	1	1112	0.0	1522	98
NZ_AP026896.1_1115	1528_tnpA_JN849689.1	81.783	258	47	0	12	269	1137	1394	2.66e-57	217	87
NZ_AP026896.1_1117	782_IS91_CP007567.1	94.118	493	29	0	1	493	1	493	0.0	750	98
NZ_AP026896.1_1118	1528_tnpA_JN849689.1	75.993	1083	240	18	25	1097	40	1112	1.56e-154	542	94
NZ_AP026896.1_1122	2078_tnpA_EF118171.1	100.000	948	0	0	1	948	1	948	0.0	1751	100
NZ_AP026896.1_1125	1528_tnpA_JN849689.1	77.415	797	165	13	25	813	40	829	3.17e-130	460	97
NZ_AP026896.1_1126	1528_tnpA_JN849689.1	75.952	578	133	6	1	575	820	1394	9.03e-80	292	95
NZ_AP026896.1_1259	1642_tnpAIS50-A_KF056330.2	90.802	1272	111	2	1	1266	178	1449	0.0	1696	100
NZ_AP026896.1_1307	554_tnpAcp1_FJ187822.1	99.824	567	1	0	1	567	172	738	0.0	1042	100
NZ_AP026896.1_1308	545_tnpA(ISnew)_AJ698325.1	99.686	1275	4	0	1	1275	1	1275	0.0	2333	100
NZ_AP026896.1_1310	1642_tnpAIS50-A_KF056330.2	94.643	168	9	0	1	168	1282	1449	6.48e-71	261	100
NZ_AP026896.1_1311	545_tnpA(ISnew)_AJ698325.1	99.686	1275	4	0	1	1275	1	1275	0.0	2333	100
NZ_AP026896.1_1312	1642_tnpAIS50-A_KF056330.2	90.374	1070	97	2	1	1064	178	1247	0.0	1400	97
NZ_AP026896.1_1314	1761_tnpA_HM370391.1	100.000	1142	0	0	1	1142	1	1142	0.0	2109	99
NZ_AP026896.1_1315	1528_tnpA_JN849689.1	76.777	1365	297	18	25	1379	40	1394	0.0	747	96
NZ_AP026896.1_1405	421_tnpA_KU167609.1	98.879	981	11	0	1	981	37	1017	0.0	1751	100
NZ_AP026896.1_1423	1642_tnpAIS50-A_KF056330.2	90.802	1272	111	2	1	1266	178	1449	0.0	1696	100
NZ_AP026896.1_1537	1239_tnpA_L48985.1	76.292	658	135	18	37	683	226	873	2.73e-91	331	76
NZ_AP026896.1_1538	782_IS91_CP007567.1	100.000	501	0	0	1	501	1	501	0.0	926	100
NZ_AP026896.1_1553	428_tnpA_JX077110.1	76.596	329	69	7	62	386	32	356	2.20e-44	174	82
NZ_AP026896.1_1565	477_tnpA_AM258965.2	99.895	948	1	0	1	948	73	1020	0.0	1746	100
NZ_AP026896.1_1604	949_tnpA_CP000646.1	95.607	478	21	0	13	490	1	478	0.0	767	93
NZ_AP026896.1_1605	1528_tnpA_JN849689.1	76.777	1365	297	18	25	1379	40	1394	0.0	747	96
NZ_AP026896.1_1606	949_tnpA_CP000646.1	92.482	705	53	0	1	705	511	1215	0.0	1009	100
NZ_AP026896.1_1618	545_tnpA(ISnew)_AJ698325.1	100.000	434	0	0	1	434	1	434	0.0	802	85
NZ_AP026896.1_1619	1528_tnpA_JN849689.1	76.777	1365	297	18	25	1379	40	1394	0.0	747	96
NZ_AP026896.1_1620	545_tnpA(ISnew)_AJ698325.1	99.619	787	2	1	1	786	460	1246	0.0	1435	100
NZ_AP026896.1_1624	545_tnpA(ISnew)_AJ698325.1	99.686	1275	4	0	1	1275	1	1275	0.0	2333	100
NZ_AP026896.1_1630	1528_tnpA_JN849689.1	76.777	1365	297	18	25	1379	40	1394	0.0	747	96
NZ_AP026896.1_1631	545_tnpA(ISnew)_AJ698325.1	99.632	816	3	0	1	816	460	1275	0.0	1491	100
NZ_AP026896.1_1638	1528_tnpA_JN849689.1	76.777	1365	297	18	25	1379	40	1394	0.0	747	96
NZ_AP026896.1_1644	477_tnpA_AM258965.2	99.895	948	1	0	1	948	73	1020	0.0	1746	100
NZ_AP026896.1_1649	1528_tnpA_JN849689.1	76.777	1365	297	18	25	1379	40	1394	0.0	747	96
NZ_AP026896.1_1652	1528_tnpA_JN849689.1	76.777	1365	297	18	25	1379	40	1394	0.0	747	96
NZ_AP026896.1_1671	957_tnpA_KX029332.1	76.314	1237	273	19	1	1227	1	1227	0.0	643	100
NZ_AP026896.1_1680	545_tnpA(ISnew)_AJ698325.1	99.686	1275	4	0	1	1275	1	1275	0.0	2333	100
NZ_AP026896.1_1696	957_tnpA_KX029332.1	76.071	1237	276	19	1	1227	1	1227	4.51e-180	627	100
NZ_AP026896.1_1728	1181_tnpA11_HG916826.1	74.572	877	203	16	337	1203	85	951	1.06e-101	366	72
NZ_AP026896.1_1731	957_tnpA_KX029332.1	76.826	1191	254	21	48	1227	48	1227	0.0	651	96
NZ_AP026896.1_1743	428_tnpA_JX077110.1	76.596	329	69	7	62	386	32	356	2.20e-44	174	82
NZ_AP026896.1_1771	1642_tnpAIS50-A_KF056330.2	90.802	1272	111	2	1	1266	178	1449	0.0	1696	100
NZ_AP026896.1_1772	1602_tnpA_4_KU665642.1	85.106	141	19	2	1	140	73	212	2.02e-35	143	99
NZ_AP026896.1_1799	1686_tnpA_AE014299.2	70.741	540	134	22	12	539	374	901	5.81e-22	100	88
NZ_AP026896.1_1837	545_tnpA(ISnew)_AJ698325.1	99.765	1275	3	0	1	1275	1	1275	0.0	2338	100
NZ_AP026896.1_1843	1181_tnpA11_HG916826.1	74.458	877	204	16	337	1203	85	951	4.95e-100	361	72
NZ_AP026896.1_1945	421_tnpA_KU167609.1	99.115	1017	9	0	1	1017	1	1017	0.0	1829	100
NZ_AP026896.1_1946	1528_tnpA_JN849689.1	76.777	1365	297	18	25	1379	40	1394	0.0	747	96
NZ_AP026896.1_1969	545_tnpA(ISnew)_AJ698325.1	99.765	1275	3	0	1	1275	1	1275	0.0	2338	100
NZ_AP026896.1_1970	949_tnpA_CP000646.1	93.827	1215	75	0	13	1227	1	1215	0.0	1829	99
NZ_AP026896.1_1972	477_tnpA_AM258965.2	99.895	948	1	0	1	948	73	1020	0.0	1746	100
NZ_AP026896.1_1973	545_tnpA(ISnew)_AJ698325.1	99.686	1275	4	0	1	1275	1	1275	0.0	2333	100
NZ_AP026896.1_1974	1642_tnpAIS50-A_KF056330.2	90.802	1272	111	2	1	1266	178	1449	0.0	1696	100
NZ_AP026896.1_1980	545_tnpA(ISnew)_AJ698325.1	99.765	1275	3	0	1	1275	1	1275	0.0	2338	100
NZ_AP026896.1_2006	1021_tnpA_3_KU665642.1	91.367	1112	96	0	1	1112	1	1112	0.0	1522	98
NZ_AP026896.1_2034	1528_tnpA_JN849689.1	76.777	1365	297	18	25	1379	40	1394	0.0	747	96
NZ_AP026896.1_2035	477_tnpA_AM258965.2	99.788	472	1	0	1	472	73	544	0.0	867	95
NZ_AP026896.1_2039	1528_tnpA_JN849689.1	76.777	1365	297	18	25	1379	40	1394	0.0	747	96
NZ_AP026896.1_2040	477_tnpA_AM258965.2	100.000	435	0	0	1	435	586	1020	0.0	804	100
NZ_AP026896.1_2047	421_tnpA_KU167609.1	99.378	804	5	0	1	804	214	1017	0.0	1458	100
NZ_AP026896.1_2048	1528_tnpA_JN849689.1	76.777	1365	297	18	25	1379	40	1394	0.0	747	96
NZ_AP026896.1_2049	421_tnpA_KU167609.1	98.919	185	2	0	1	185	37	221	5.56e-92	331	98
NZ_AP026896.1_2050	545_tnpA(ISnew)_AJ698325.1	99.686	1275	4	0	1	1275	1	1275	0.0	2333	100
NZ_AP026896.1_2052	545_tnpA(ISnew)_AJ698325.1	99.765	1275	3	0	1	1275	1	1275	0.0	2338	100
NZ_AP026896.1_2053	421_tnpA_KU167609.1	98.777	981	12	0	1	981	37	1017	0.0	1746	100
NZ_AP026896.1_2055	421_tnpA_KU167609.1	99.286	981	7	0	1	981	37	1017	0.0	1773	100
NZ_AP026896.1_2061	1528_tnpA_JN849689.1	76.777	1365	297	18	25	1379	40	1394	0.0	747	96
NZ_AP026896.1_2066	2125_IS91_CP005966.1	97.756	312	1	1	1	312	1	306	2.45e-152	532	100
NZ_AP026896.1_2077	421_tnpA_KU167609.1	99.185	981	8	0	1	981	37	1017	0.0	1768	100
NZ_AP026896.1_2099	545_tnpA(ISnew)_AJ698325.1	99.765	1275	3	0	1	1275	1	1275	0.0	2338	100
NZ_AP026896.1_2101	545_tnpA(ISnew)_AJ698325.1	99.479	384	2	0	1	384	892	1275	0.0	699	100
NZ_AP026896.1_2102	1528_tnpA_JN849689.1	76.777	1365	297	18	25	1379	40	1394	0.0	747	96
NZ_AP026896.1_2104	1528_tnpA_JN849689.1	76.777	1365	297	18	25	1379	40	1394	0.0	747	96
NZ_AP026896.1_2105	545_tnpA(ISnew)_AJ698325.1	100.000	648	0	0	1	648	1	648	0.0	1197	99
NZ_AP026896.1_2106	545_tnpA(ISnew)_AJ698325.1	99.765	1275	3	0	1	1275	1	1275	0.0	2338	100
NZ_AP026896.1_2111	1528_tnpA_JN849689.1	76.777	1365	297	18	25	1379	40	1394	0.0	747	96
NZ_AP026896.1_2159	1528_tnpA_JN849689.1	76.777	1365	297	18	25	1379	40	1394	0.0	747	96
NZ_AP026896.1_2165	428_tnpA_JX077110.1	76.596	329	69	7	62	386	32	356	2.20e-44	174	82
NZ_AP026896.1_2229	957_tnpA_KX029332.1	76.414	1238	270	21	1	1227	1	1227	0.0	649	100
NZ_AP026896.1_2290	545_tnpA(ISnew)_AJ698325.1	99.765	1275	3	0	1	1275	1	1275	0.0	2338	100
NZ_AP026896.1_2293	957_tnpA_KX029332.1	76.658	1191	256	21	48	1227	48	1227	0.0	640	96
NZ_AP026896.1_2369	957_tnpA_KX029332.1	76.658	1191	256	21	48	1227	48	1227	0.0	640	96
NZ_AP026896.1_2377	477_tnpA_AM258965.2	99.895	948	1	0	1	948	73	1020	0.0	1746	100
NZ_AP026896.1_2444	545_tnpA(ISnew)_AJ698325.1	99.765	1275	3	0	1	1275	1	1275	0.0	2338	100
NZ_AP026896.1_2453	957_tnpA_KX029332.1	76.742	1191	252	23	48	1224	48	1227	0.0	641	96
NZ_AP026896.1_2490	545_tnpA(ISnew)_AJ698325.1	99.765	1275	3	0	1	1275	1	1275	0.0	2338	100
NZ_AP026896.1_2567	421_tnpA_KU167609.1	99.388	981	6	0	1	981	37	1017	0.0	1779	100
NZ_AP026896.1_2628	1021_tnpA_3_KU665642.1	91.367	1112	96	0	1	1112	1	1112	0.0	1522	98
NZ_AP026896.1_2685	545_tnpA(ISnew)_AJ698325.1	99.686	1275	4	0	1	1275	1	1275	0.0	2333	100
NZ_AP026896.1_2736	421_tnpA_KU167609.1	99.490	981	5	0	1	981	37	1017	0.0	1784	100
NZ_AP026896.1_2763	421_tnpA_KU167609.1	99.312	1017	7	0	1	1017	1	1017	0.0	1840	100
NZ_AP026896.1_2770	1528_tnpA_JN849689.1	76.777	1365	297	18	25	1379	40	1394	0.0	747	96
NZ_AP026896.1_2785	477_tnpA_AM258965.2	99.895	948	1	0	1	948	73	1020	0.0	1746	100
NZ_AP026896.1_2815	545_tnpA(ISnew)_AJ698325.1	99.686	1275	4	0	1	1275	1	1275	0.0	2333	100
NZ_AP026896.1_2819	1528_tnpA_JN849689.1	76.777	1365	297	18	25	1379	40	1394	0.0	747	96
NZ_AP026896.1_2867	1528_tnpA_JN849689.1	76.777	1365	297	18	25	1379	40	1394	0.0	747	96
NZ_AP026896.1_2895	957_tnpA_KX029332.1	75.929	1238	276	21	1	1227	1	1227	9.75e-177	616	100
NZ_AP026896.1_2919	477_tnpA_AM258965.2	99.762	842	2	0	14	855	179	1020	0.0	1544	98
NZ_AP026896.1_2920	2522_tnpA_KX029332.1	70.545	679	182	17	133	802	106	775	1.04e-30	130	81
NZ_AP026896.1_2922	2125_IS91_CP005966.1	97.287	258	1	1	1	258	55	306	2.09e-122	433	100
NZ_AP026896.1_2923	1817_tnpA_AE014299.2	76.705	176	41	0	1	176	1	176	6.25e-22	99.0	92
NZ_AP026896.1_2924	477_tnpA_AM258965.2	100.000	111	0	0	1	111	73	183	2.60e-54	206	77
NZ_AP026896.1_2925	718_tnpA_KF680002.1	100.000	1204	0	0	1	1204	1	1204	0.0	2224	95
NZ_AP026896.1_2927	545_tnpA(ISnew)_AJ698325.1	99.765	1275	3	0	1	1275	1	1275	0.0	2338	100
NZ_AP026896.1_2963	477_tnpA_AM258965.2	99.895	948	1	0	1	948	73	1020	0.0	1746	100
NZ_AP026896.1_2974	1686_tnpA_AE014299.2	70.741	540	134	22	12	539	374	901	5.81e-22	100	88
NZ_AP026896.1_2989	421_tnpA_KU167609.1	99.286	981	7	0	1	981	37	1017	0.0	1773	100
NZ_AP026896.1_3010	421_tnpA_KU167609.1	99.083	981	9	0	1	981	37	1017	0.0	1762	100
NZ_AP026896.1_3029	554_tnpAcp1_FJ187822.1	99.729	738	2	0	181	918	1	738	0.0	1352	80
NZ_AP026896.1_3132	1528_tnpA_JN849689.1	76.777	1365	297	18	25	1379	40	1394	0.0	747	96
NZ_AP026896.1_3180	1528_tnpA_JN849689.1	76.777	1365	297	18	25	1379	40	1394	0.0	747	96
NZ_AP026896.1_3182	1642_tnpAIS50-A_KF056330.2	90.802	1272	111	2	1	1266	178	1449	0.0	1696	100
NZ_AP026896.1_3189	1642_tnpAIS50-A_KF056330.2	92.208	693	54	0	1	693	757	1449	0.0	981	100
NZ_AP026896.1_3190	1528_tnpA_JN849689.1	76.777	1365	297	18	25	1379	40	1394	0.0	747	96
NZ_AP026896.1_3191	1642_tnpAIS50-A_KF056330.2	91.134	485	37	2	1	479	178	662	0.0	652	92
NZ_AP026896.1_3192	1528_tnpA_JN849689.1	76.777	1365	297	18	25	1379	40	1394	0.0	747	96
NZ_AP026896.1_3194	477_tnpA_AM258965.2	99.789	948	2	0	1	948	73	1020	0.0	1740	100
NZ_AP026896.1_3197	1528_tnpA_JN849689.1	76.777	1365	297	18	25	1379	40	1394	0.0	747	96
NZ_AP026896.1_3199	1528_tnpA_JN849689.1	77.902	1077	224	12	13	1082	325	1394	0.0	658	96
NZ_AP026896.1_3200	1528_tnpA_JN849689.1	76.777	1365	297	18	25	1379	40	1394	0.0	747	96
NZ_AP026896.1_3201	1528_tnpA_JN849689.1	74.275	276	64	7	25	297	40	311	5.05e-25	110	85
NZ_AP026896.1_3276	1528_tnpA_JN849689.1	76.777	1365	297	18	25	1379	40	1394	0.0	747	96
NZ_AP026896.1_3324	545_tnpA(ISnew)_AJ698325.1	99.686	1275	4	0	1	1275	1	1275	0.0	2333	100
NZ_AP026896.1_3345	1528_tnpA_JN849689.1	76.777	1365	297	18	25	1379	40	1394	0.0	747	96
NZ_AP026896.1_3350	718_tnpA_KF680002.1	100.000	1204	0	0	1	1204	1	1204	0.0	2224	95
NZ_AP026896.1_3357	718_tnpA_KF680002.1	100.000	1204	0	0	1	1204	1	1204	0.0	2224	95
NZ_AP026896.1_3379	2471_tnpA-1_AJ877225.1	88.694	513	56	2	1	512	1	512	7.47e-180	625	89
NZ_AP026896.1_3380	692_tnpA_HM560971.1	99.645	282	1	0	1	282	282	1	2.29e-147	516	97
NZ_AP026896.1_3395	949_tnpA_CP000646.1	93.827	1215	75	0	13	1227	1	1215	0.0	1829	99
NZ_AP026896.1_3398	1528_tnpA_JN849689.1	76.703	1365	298	18	10	1364	40	1394	0.0	741	97
NZ_AP026896.1_3496	2078_tnpA_EF118171.1	100.000	948	0	0	1	948	1	948	0.0	1751	100
NZ_AP026896.1_3642	1181_tnpA11_HG916826.1	74.458	877	204	16	337	1203	85	951	4.95e-100	361	72
NZ_AP026896.1_3664	957_tnpA_KX029332.1	76.395	1237	272	19	1	1227	1	1227	0.0	649	100
NZ_AP026896.1_3677	477_tnpA_AM258965.2	99.895	948	1	0	1	948	73	1020	0.0	1746	100
NZ_AP026896.1_3678	421_tnpA_KU167609.1	99.286	981	7	0	1	981	37	1017	0.0	1773	100
NZ_AP026896.1_3708	545_tnpA(ISnew)_AJ698325.1	99.765	1275	3	0	1	1275	1	1275	0.0	2338	100
NZ_AP026896.1_3731	545_tnpA(ISnew)_AJ698325.1	99.686	1275	4	0	1	1275	1	1275	0.0	2333	100
NZ_AP026896.1_3734	1817_tnpA_AE014299.2	76.779	267	58	4	1	265	1	265	3.16e-36	147	99
NZ_AP026896.1_3739	1817_tnpA_AE014299.2	76.779	267	58	4	1	265	1	265	3.16e-36	147	99
NZ_AP026896.1_3774	2078_tnpA_EF118171.1	100.000	948	0	0	1	948	1	948	0.0	1751	100
NZ_AP026896.1_3786	1528_tnpA_JN849689.1	76.777	1365	297	18	25	1379	40	1394	0.0	747	96
NZ_AP026896.1_3788	1642_tnpAIS50-A_KF056330.2	90.802	1272	111	2	1	1266	178	1449	0.0	1696	100
NZ_AP026896.1_3790	477_tnpA_AM258965.2	99.895	948	1	0	1	948	73	1020	0.0	1746	100
NZ_AP026896.1_3795	1528_tnpA_JN849689.1	76.777	1365	297	18	25	1379	40	1394	0.0	747	96
NZ_AP026896.1_3808	1528_tnpA_JN849689.1	76.777	1365	297	18	25	1379	40	1394	0.0	747	96
NZ_AP026896.1_4039	571_tnpA_KX710093.1	97.655	981	23	0	1	981	1	981	0.0	1685	100
NZ_AP026896.1_4134	1686_tnpA_AE014299.2	70.741	540	134	22	12	539	374	901	5.81e-22	100	88
NZ_AP026896.1_4136	1686_tnpA_AE014299.2	70.741	540	134	22	12	539	374	901	5.81e-22	100	88
NZ_AP026896.1_4160	1528_tnpA_JN849689.1	76.777	1365	297	18	25	1379	40	1394	0.0	747	96
NZ_AP026896.1_4162	545_tnpA(ISnew)_AJ698325.1	99.765	1275	3	0	1	1275	1	1275	0.0	2338	100
NZ_AP026896.1_4163	1528_tnpA_JN849689.1	77.593	781	165	10	1	776	619	1394	2.43e-131	464	97
NZ_AP026896.1_4164	782_IS91_CP007567.1	94.118	493	29	0	1	493	1	493	0.0	750	98
NZ_AP026896.1_4169	1528_tnpA_JN849689.1	76.777	1365	297	18	25	1379	40	1394	0.0	747	96
NZ_AP026896.1_4174	545_tnpA(ISnew)_AJ698325.1	99.765	1275	3	0	1	1275	1	1275	0.0	2338	100
NZ_AP026896.1_4187	360_tniA_LC155906.1	100.000	1501	0	0	1	1501	1	1501	0.0	2772	89
NZ_AP026896.1_4188	473_tniB_U67194.4	100.000	855	0	0	1	855	15	869	0.0	1580	86
NZ_AP026896.1_4191	267_qacEdelta_HM138673.1	99.713	348	1	0	1	348	1	348	0.0	638	100
NZ_AP026896.1_4195	542_intI1_DQ647028.2	99.704	1014	3	0	1	1014	1	1014	0.0	1857	100
NZ_AP026896.1_4197	287_tnpA_KT922275.1	99.963	2702	1	0	266	2967	11	2712	0.0	4985	91
NZ_AP026896.1_4212	1761_tnpA_HM370391.1	99.902	1019	1	0	12	1030	387	1405	0.0	1877	82
NZ_AP026896.1_4213	1528_tnpA_JN849689.1	76.777	1365	297	18	25	1379	40	1394	0.0	747	96
NZ_AP026896.1_4214	1761_tnpA_HM370391.1	100.000	395	0	0	1	395	1	395	0.0	730	99
NZ_AP026896.1_4215	545_tnpA(ISnew)_AJ698325.1	99.686	1275	4	0	1	1275	1	1275	0.0	2333	100
NZ_AP026896.1_4221	545_tnpA(ISnew)_AJ698325.1	99.686	1275	4	0	1	1275	1	1275	0.0	2333	100
NZ_AP026896.1_4388	1528_tnpA_JN849689.1	76.777	1365	297	18	25	1379	40	1394	0.0	747	96
NZ_AP026896.1_4400	2078_tnpA_EF118171.1	100.000	948	0	0	1	948	1	948	0.0	1751	100
NZ_AP026896.1_4500	477_tnpA_AM258965.2	99.895	948	1	0	1	948	73	1020	0.0	1746	100
NZ_AP026896.1_4568	545_tnpA(ISnew)_AJ698325.1	99.765	1275	3	0	1	1275	1	1275	0.0	2338	100
NZ_AP026896.1_4571	782_IS91_CP007567.1	94.118	493	29	0	1	493	1	493	0.0	750	98
NZ_AP026896.1_4576	545_tnpA(ISnew)_AJ698325.1	99.765	1275	3	0	1	1275	1	1275	0.0	2338	100
NZ_CP101744.1_3	1654_tnpAB_CP000352.1	96.491	1539	54	0	1	1539	1	1539	0.0	2543	100
NZ_CP101744.1_12	1654_tnpAB_CP000352.1	96.426	1539	55	0	1	1539	1	1539	0.0	2538	100
NZ_CP101744.1_36	727_IS91_CP002657.1	80.916	262	46	4	1	260	1	260	1.85e-53	204	97
NZ_CP101744.1_110	727_IS91_CP002657.1	80.916	262	46	4	1	260	1	260	1.85e-53	204	97
NZ_CP101744.1_179	727_IS91_CP002657.1	80.916	262	46	4	1	260	1	260	1.85e-53	204	97
NZ_CP101744.1_184	299_tnpA_AH010657.3	99.794	2916	3	2	1	2916	1	2913	0.0	5349	100
NZ_CP101744.1_194	438_tnpA_DQ126685.1	99.803	1014	2	0	1	1014	364	1377	0.0	1862	100
NZ_CP101744.1_202	438_tnpA_DQ126685.1	99.854	1374	2	0	208	1581	4	1377	0.0	2527	87
NZ_CP101744.1_212	1654_tnpAB_CP000352.1	96.166	1539	59	0	1	1539	1	1539	0.0	2516	100
NZ_CP101744.1_213	2451_tnpA_JN106169.1	99.963	2671	1	0	1	2671	1	2671	0.0	4927	99
NZ_CP101744.1_220	299_tnpA_AH010657.3	99.760	2916	4	2	1	2916	1	2913	0.0	5343	100
NZ_CP101744.1_225	299_tnpA_AH010657.3	99.760	2916	4	2	1	2916	1	2913	0.0	5343	100
NZ_CP101744.1_240	1403_tnpA_JN104632.1	100.000	2913	0	0	1	2913	1	2913	0.0	5380	100
NZ_CP101744.1_242	660_tnpA_CP000355.2	100.000	1598	0	0	50	1647	833	2430	0.0	2952	97
NZ_CP101744.1_243	1091_tnpA_AY327575.2	99.817	1641	1	1	1	1641	1	1639	0.0	3013	100
NZ_CP101744.1_244	660_tnpA_CP000355.2	99.922	1281	1	0	1	1281	1150	2430	0.0	2361	100
NZ_CP099646.1_9	1357_IS91_FCOK02000015.1	99.823	564	1	0	1	564	1	564	0.0	1037	100
NZ_CP099646.1_12	1538_tnpA_KU736879.1	79.100	311	61	2	1	309	1	309	1.36e-55	211	95
NZ_CP099646.1_79	2200_tnpA_AY365053.1	100.000	3027	0	0	1	3027	1	3027	0.0	5590	100
NZ_CP099646.1_155	1876_tnpA_AY305378.1	74.037	986	234	22	13	987	13	987	8.92e-107	383	96
NZ_CP099646.1_169	1876_tnpA_AY305378.1	72.554	787	206	10	70	851	70	851	3.38e-66	248	77
NZ_CP099646.1_192	1258_tnpA_AF087482.1	98.718	1170	11	3	344	1512	1	1167	0.0	2074	77
NZ_CP099646.1_273	2712_tnpA_FCNZ02000046.1	93.917	411	25	0	1	411	1	411	7.63e-179	621	90
NZ_CP099646.1_289	2050_tnpA_CP000353.2	79.667	300	55	6	1	297	1	297	1.24e-55	211	100
NZ_CP099646.1_291	2050_tnpA_CP000353.2	84.252	127	16	4	1	125	1	125	8.77e-29	121	95
NZ_CP099646.1_297	1295_tnpA_FCOX02000267.1	89.206	1260	136	0	1	1260	1	1260	0.0	1574	100
NZ_CP047170.1_198	1305_istB_EF107516.1	75.000	584	138	7	137	716	122	701	9.35e-71	263	73
NZ_CP093017.1_382	451_tnpA_KU254577.1	99.955	2216	1	0	779	2994	1	2216	0.0	4087	74
NZ_CP093017.1_414	451_tnpA_KU254577.1	99.955	2216	1	0	779	2994	1	2216	0.0	4087	74
NZ_CP093017.1_447	777_tnpA-5_AJ877225.1	97.570	823	20	0	6	828	6	828	0.0	1410	99
NZ_CP093017.1_469	2157_tnpA4_FJ948173.1	100.000	587	0	0	17	603	14	600	0.0	1085	97
NZ_CP093017.1_470	331_tnpA_AY208917.2	99.901	3030	3	0	1	3030	1	3030	0.0	5579	100
NZ_CP093017.1_504	2344_istA13_LK391695.1	84.468	1249	191	3	1	1248	1	1247	0.0	1229	94
NZ_CP093017.1_520	1828_tnpA_AB434906.1	81.021	1254	206	20	1	1247	1	1229	0.0	968	98
CP090106.1_76	1032_IS292_L29283	81.707	328	58	2	18	345	745	420	6.55e-74	272	95
NZ_CP088082.1_201	1706_tnpA_AF086815.2	98.630	1533	21	0	1	1533	14	1546	0.0	2715	100
NZ_CP088082.1_218	1706_tnpA_AF086815.2	98.630	1533	21	0	1	1533	14	1546	0.0	2715	100
NZ_CP088082.1_348	825_tnpA_U66917.2	74.138	290	68	7	74	358	650	937	4.78e-26	113	73
NZ_CP088082.1_352	839_IS91_CP000539.1	81.350	311	54	4	16	324	16	324	2.88e-67	250	95
NZ_CP088082.1_402	2479_istB1_LK391695.1	82.222	675	102	16	99	764	117	782	6.37e-162	566	84
NZ_CP088082.1_403	1870_istA3_LK391695.1	78.095	1050	189	36	12	1042	369	1396	4.27e-180	627	89
NZ_CP088082.1_533	839_IS91_CP000539.1	81.350	311	54	4	16	324	16	324	2.88e-67	250	95
NZ_CP088082.1_649	692_tnpA_HM560971.1	100.000	282	0	0	1	282	282	1	4.93e-149	521	97
NZ_CP088082.1_650	434_tnpA_KC170280.1	100.000	2967	0	0	1	2967	1	2967	0.0	5480	100
NZ_CP080763.1_10	2472_tnpA_JN106170.1	99.900	1002	1	0	1	1002	1	1002	0.0	1845	100
NZ_CP080763.1_11	1582_tnpA_EF628292.1	98.844	1557	9	1	1	1557	58	1605	0.0	2767	100
NZ_CP009453.1_4	1926_tniA_JNFD01000038.1	91.338	1570	136	0	2	1571	2	1571	0.0	2146	94
NZ_CP009453.1_5	1977_tniB_JNFD01000038.1	78.976	723	144	7	23	741	38	756	5.30e-138	486	87
NZ_CP009453.1_37	2600_IS91_CP012199.1	92.010	388	29	2	1	387	1	387	1.42e-155	544	100
NZ_CP009453.1_44	1128_tnpA_JNFD01000045.1	95.997	2898	116	0	1	2898	1	2898	0.0	4710	100
NZ_CP009453.1_78	1669_IS91_CP009122.1	91.484	364	31	0	24	387	24	387	8.67e-143	501	94
NZ_CP009453.1_135	2148_IS91_CP002798.1	74.340	265	62	6	1	262	1	262	1.49e-24	108	98
NZ_CP009453.1_187	779_tnpA_GU067641.1	86.504	1356	183	0	1	1356	1	1356	0.0	1491	100
NC_008826.1_5	1960_IS91_AAUJ02000001.1	75.625	320	56	14	8	310	8	322	6.44e-34	139	94
NC_008826.1_69	1960_IS91_AAUJ02000001.1	75.625	320	56	14	8	310	8	322	6.44e-34	139	94
NC_008826.1_189	1960_IS91_AAUJ02000001.1	75.625	320	56	14	8	310	8	322	6.44e-34	139	94
NC_008826.1_547	2719_tnpA_AB035483.1	72.959	392	90	15	1	384	655	1038	8.40e-29	122	93
NC_008826.1_568	1960_IS91_AAUJ02000001.1	75.625	320	56	14	8	310	8	322	6.44e-34	139	94
NC_008826.1_589	1960_IS91_AAUJ02000001.1	75.625	320	56	14	8	310	8	322	6.44e-34	139	94
NC_008826.1_600	1960_IS91_AAUJ02000001.1	75.625	320	56	14	8	310	8	322	6.44e-34	139	94
NC_008826.1_614	825_tnpA_U66917.2	73.851	914	192	43	43	928	43	937	6.67e-88	320	92
NZ_CP035709.1_27	1361_tnpA_CP001856.1	82.593	833	138	4	4	831	1141	1971	0.0	728	98
NZ_CP035709.1_67	434_tnpA_KC170280.1	78.657	2577	510	34	358	2914	358	2914	0.0	1676	86
NZ_CP039965.1_737	2423_IS91_CP003740.1	84.660	691	102	4	1	689	4	692	0.0	686	97
NZ_CP039965.1_900	2662_IS91_CP003740.1	74.079	706	153	19	1	682	1	700	8.14e-71	263	99
NZ_CP039965.1_1323	2021_tnpA_AF118548.1	72.050	161	41	4	1	159	1	159	7.97e-06	45.4	85
NZ_CP029986.1_7	1669_IS91_CP009122.1	91.209	364	32	0	24	387	24	387	4.03e-141	496	94
NZ_CP029986.1_91	1829_tnpA_AP014810.1	82.353	204	36	0	7	210	2970	2767	8.62e-46	178	97
NZ_CP029986.1_112	1966_istA_AB270530.1	75.214	468	105	11	1	461	1	464	2.17e-55	211	91
NZ_CP029986.1_145	549_tnpA_AP010803.1	93.707	2892	182	0	1	2892	1	2892	0.0	4333	100
NZ_CP029986.1_219	2043_IS91_CP000356.1	81.102	254	46	2	1	253	1	253	7.13e-53	202	89
NZ_CP029986.1_252	1692_tnpA_AP010806.1	87.352	2372	298	2	582	2952	33	2403	0.0	2717	80
NZ_CP029986.1_262	779_tnpA_GU067641.1	89.536	1357	140	2	1	1356	1	1356	0.0	1718	100
NZ_CP029986.1_263	1669_IS91_CP009122.1	91.843	331	27	0	6	336	57	387	3.53e-131	462	99
CP025986.1_75	825_tnpA_U66917.2	74.268	785	169	30	164	930	167	936	8.74e-82	300	79
CP025986.1_138	934_tnpA_AJ344068.1	70.863	707	174	27	116	806	122	812	2.36e-32	135	79
CP025986.1_139	2291_IS91_CP002657.1	78.947	285	48	9	1	279	1	279	2.53e-47	183	100
CP025986.1_217	825_tnpA_U66917.2	74.268	785	169	30	164	930	167	936	8.74e-82	300	79
CP025986.1_257	825_tnpA_U66917.2	74.059	239	55	5	7	240	700	936	1.56e-19	91.6	85
CP025986.1_268	2291_IS91_CP002657.1	78.947	285	48	9	1	279	1	279	2.53e-47	183	100
CP025986.1_269	934_tnpA_AJ344068.1	70.863	707	174	27	116	806	122	812	2.36e-32	135	79
CP025986.1_370	825_tnpA_U66917.2	74.268	785	169	30	164	930	167	936	8.74e-82	300	79
CP025986.1_419	825_tnpA_U66917.2	74.268	785	169	30	164	930	167	936	8.74e-82	300	79
CP025986.1_567	825_tnpA_U66917.2	74.268	785	169	30	164	930	167	936	8.74e-82	300	79
CP025986.1_651	825_tnpA_U66917.2	74.268	785	169	30	164	930	167	936	8.74e-82	300	79
CP025986.1_682	825_tnpA_U66917.2	74.268	785	169	30	164	930	167	936	8.74e-82	300	79
CP025986.1_702	825_tnpA_U66917.2	74.268	785	169	30	164	930	167	936	8.74e-82	300	79
CP025986.1_960	825_tnpA_U66917.2	74.268	785	169	30	164	930	167	936	8.74e-82	300	79
CP025986.1_1106	615_IS91_CP000618.1	87.121	264	34	0	1	264	1	264	2.26e-82	300	100
CP025986.1_1161	434_tnpA_KC170280.1	86.011	2988	373	31	1	2964	1	2967	0.0	3160	100
CP025986.1_1167	934_tnpA_AJ344068.1	70.863	707	174	27	116	806	122	812	2.36e-32	135	79
CP025986.1_1168	2291_IS91_CP002657.1	78.947	285	48	9	1	279	1	279	2.53e-47	183	100
CP025986.1_1172	825_tnpA_U66917.2	74.268	785	169	30	164	930	167	936	8.74e-82	300	79
CP025986.1_1322	825_tnpA_U66917.2	74.268	785	169	30	164	930	167	936	8.74e-82	300	79
CP025986.1_1323	825_tnpA_U66917.2	74.268	785	169	30	164	930	167	936	8.74e-82	300	79
CP025986.1_1326	738_tnpA_FP885907.1	90.335	1252	119	2	1	1251	1	1251	0.0	1640	100
CP025986.1_1342	2291_IS91_CP002657.1	78.947	285	48	9	1	279	1	279	2.53e-47	183	100
CP025986.1_1343	934_tnpA_AJ344068.1	70.863	707	174	27	116	806	122	812	2.36e-32	135	79
CP025986.1_1395	825_tnpA_U66917.2	74.268	785	169	30	164	930	167	936	8.74e-82	300	79
CP025986.1_1478	1173_IS91_CP000618.1	92.765	387	28	0	16	402	13	399	1.47e-160	560	96
CP025986.1_1531	1173_IS91_CP000618.1	92.765	387	28	0	16	402	13	399	1.47e-160	560	96
CP025986.1_1565	825_tnpA_U66917.2	74.268	785	169	30	164	930	167	936	8.74e-82	300	79
CP025986.1_1628	825_tnpA_U66917.2	74.268	785	169	30	164	930	167	936	8.74e-82	300	79
NZ_CP023549.1_130	1883_tnpA_JN127372.1	79.409	981	195	7	1	977	1810	2787	0.0	686	99
NZ_CP023549.1_145	1350_tnpA_KC561054.1	79.288	618	119	8	1	614	1	613	3.18e-119	424	98
NZ_CP023549.1_146	1350_tnpA_KC561054.1	78.706	371	77	2	13	382	622	991	4.89e-66	246	88
NZ_CP023549.1_172	1350_tnpA_KC561054.1	79.288	618	119	8	1	614	1	613	3.18e-119	424	98
NZ_CP023549.1_173	1350_tnpA_KC561054.1	78.706	371	77	2	13	382	622	991	4.89e-66	246	88
NZ_CP023549.1_186	1184_IS91_CP000490.1	86.577	298	29	3	1	288	1	297	8.83e-88	318	79
NZ_CP023549.1_193	1350_tnpA_KC561054.1	79.288	618	119	8	1	614	1	613	3.18e-119	424	98
NZ_CP023549.1_194	1350_tnpA_KC561054.1	78.706	371	77	2	13	382	622	991	4.89e-66	246	88
NZ_CP023549.1_199	1350_tnpA_KC561054.1	78.706	371	77	2	13	382	622	991	4.89e-66	246	88
NZ_CP023549.1_200	1350_tnpA_KC561054.1	80.903	487	90	3	1	486	1	485	1.59e-106	381	94
NZ_CP023549.1_536	1350_tnpA_KC561054.1	77.236	123	26	2	1	122	1	122	9.68e-14	71.3	87
NZ_CP023549.1_752	2338_tnpA_EF628291.1	70.316	886	239	24	23	896	29	902	5.37e-39	158	94
NZ_CP023549.1_773	945_tnpA_AB032203.1	77.419	279	56	7	3	278	139	413	4.31e-40	159	98
