NZ_CP138514.1_757	Streptomycin	70.764	602	146	26	79	665	79	665	1.90e-24	110	72
NZ_CP138516.1_1044	Streptomycin	71.100	609	138	32	79	668	79	668	4.07e-26	115	73
NZ_CP155749.1_420	Metallo-beta-lactamase	74.677	620	130	20	152	756	128	735	1.15e-66	250	70
NZ_CP062179.1_36	Tetracycline	70.945	974	230	42	91	1042	154	1096	5.87e-46	182	80
NZ_CP069303.1_1869	D-alanine--D-alanine	70.028	724	186	29	160	869	157	863	2.82e-23	106	77
NZ_CP119142.1_1408	D-alanine--D-alanine	82.585	913	159	0	1	913	1	913	0.0	806	99
NZ_CP119142.1_1419	putative	77.019	1771	366	36	1	1752	1	1749	0.0	977	100
NZ_CP119140.1_1409	D-alanine--D-alanine	82.694	913	158	0	1	913	1	913	0.0	811	99
NZ_CP119140.1_1420	putative	76.736	1771	368	37	1	1749	1	1749	0.0	948	100
NZ_AP026896.1_3316	Beta-lactamase|KU606499.1|Preterm_infant_stool|AMC	87.640	979	110	11	178	1149	4	978	0.0	1127	85
NZ_AP026896.1_4190	Dihydropteroate	99.881	840	1	0	1	840	1	840	0.0	1546	100
NZ_AP026896.1_4192	Streptomycin	93.059	778	54	0	1	778	1	778	0.0	1138	99
NZ_AP026896.1_4193	Chloramphenicol	100.000	633	0	0	1	633	1	633	0.0	1170	100
NZ_AP026896.1_4539	Beta-lactamase	94.323	775	44	0	1	775	1	775	0.0	1188	97
