NZ_CP138514.1_378	VFG043455(gb|AAM90673)	76.342	596	141	0	27	622	4189	4784	9.35e-87	320	88
NZ_CP138514.1_378	VFG043455(gb|AAM90673)	76.066	610	146	0	21	630	2953	3562	3.36e-86	318	90
NZ_CP138514.1_378	VFG043455(gb|AAM90673)	76.159	604	144	0	27	630	3733	4336	3.36e-86	318	89
NZ_CP138514.1_378	VFG043455(gb|AAM90673)	76.127	599	143	0	27	625	3427	4025	4.35e-85	315	89
NZ_CP138514.1_378	VFG043455(gb|AAM90673)	75.993	604	145	0	27	630	3703	4306	1.56e-84	313	89
NZ_CP138514.1_378	VFG043455(gb|AAM90673)	75.914	602	145	0	27	628	3361	3962	2.02e-83	309	89
NZ_CP138514.1_378	VFG043455(gb|AAM90673)	75.914	602	145	0	27	628	3829	4430	2.02e-83	309	89
NZ_CP138514.1_378	VFG043455(gb|AAM90673)	76.007	596	143	0	27	622	3835	4430	2.02e-83	309	88
NZ_CP138514.1_378	VFG043455(gb|AAM90673)	75.914	602	145	0	27	628	4003	4604	2.02e-83	309	89
NZ_CP138514.1_378	VFG043455(gb|AAM90673)	75.987	608	140	3	27	628	4069	4676	2.02e-83	309	89
NZ_CP138514.1_378	VFG043455(gb|AAM90673)	75.920	598	144	0	33	630	3337	3934	7.28e-83	307	89
NZ_CP138514.1_378	VFG043455(gb|AAM90673)	75.862	609	141	2	27	629	4849	5457	2.62e-82	305	89
NZ_CP138514.1_378	VFG043455(gb|AAM90673)	76.059	614	129	10	27	622	3577	4190	9.42e-82	303	88
NZ_CP138514.1_378	VFG043455(gb|AAM90673)	75.822	608	141	3	27	628	3931	4538	9.42e-82	303	89
NZ_CP138514.1_378	VFG043455(gb|AAM90673)	75.662	604	147	0	27	630	3175	3778	3.39e-81	302	89
NZ_CP138514.1_378	VFG043455(gb|AAM90673)	75.662	604	147	0	27	630	4117	4720	3.39e-81	302	89
NZ_CP138514.1_378	VFG043455(gb|AAM90673)	75.712	597	145	0	26	622	3798	4394	1.22e-80	300	88
NZ_CP138514.1_378	VFG043455(gb|AAM90673)	75.497	604	148	0	27	630	3619	4222	1.58e-79	296	89
NZ_CP138514.1_378	VFG043455(gb|AAM90673)	75.748	602	134	4	27	622	4429	5024	2.04e-78	292	88
NZ_CP138514.1_378	VFG043455(gb|AAM90673)	75.497	604	142	2	27	630	3349	3946	7.33e-78	291	89
NZ_CP138514.1_378	VFG043455(gb|AAM90673)	75.497	604	142	3	27	630	3523	4120	7.33e-78	291	89
NZ_CP138514.1_378	VFG043455(gb|AAM90673)	75.753	598	133	4	39	630	3727	4318	7.33e-78	291	88
NZ_CP138514.1_378	VFG043455(gb|AAM90673)	75.331	604	149	0	26	629	4464	5067	7.33e-78	291	89
NZ_CP138514.1_378	VFG043455(gb|AAM90673)	75.574	610	137	5	27	630	4723	5326	7.33e-78	291	89
NZ_CP138514.1_378	VFG043455(gb|AAM90673)	75.369	609	144	3	27	629	3805	4413	2.64e-77	289	89
NZ_CP138514.1_378	VFG043455(gb|AAM90673)	75.249	602	149	0	27	628	3613	4214	9.48e-77	287	89
NZ_CP138514.1_378	VFG043455(gb|AAM90673)	75.559	626	129	12	27	628	4531	5156	9.48e-77	287	89
NZ_CP138514.1_378	VFG043455(gb|AAM90673)	75.365	617	140	5	26	630	4764	5380	9.48e-77	287	90
NZ_CP138514.1_378	VFG043455(gb|AAM90673)	75.338	592	146	0	39	630	3259	3850	3.41e-76	285	88
NZ_CP138514.1_378	VFG043455(gb|AAM90673)	75.083	602	150	0	27	628	3385	3986	4.41e-75	281	89
NZ_CP138514.1_378	VFG043455(gb|AAM90673)	75.244	614	140	4	27	628	4039	4652	4.41e-75	281	89
NZ_CP138514.1_378	VFG043455(gb|AAM90673)	75.329	608	138	6	33	628	4147	4754	4.41e-75	281	88
NZ_CP138514.1_378	VFG043455(gb|AAM90673)	75.125	599	149	0	27	625	4255	4853	4.41e-75	281	89
NZ_CP138514.1_378	VFG043455(gb|AAM90673)	75.168	596	148	0	27	622	4807	5402	4.41e-75	281	88
NZ_CP138514.1_378	VFG043455(gb|AAM90673)	75.241	622	136	7	27	630	3643	4264	1.59e-74	279	89
NZ_CP138514.1_378	VFG043455(gb|AAM90673)	74.834	604	152	0	27	630	4495	5098	7.38e-73	274	89
NZ_CP138514.1_378	VFG043455(gb|AAM90673)	74.793	603	152	0	26	628	3018	3620	2.66e-72	272	89
NZ_CP138514.1_378	VFG043455(gb|AAM90673)	75.087	578	144	0	45	622	3067	3644	9.55e-72	270	86
NZ_CP138514.1_378	VFG043455(gb|AAM90673)	74.876	605	146	2	27	625	3859	4463	9.55e-72	270	89
NZ_CP138514.1_378	VFG043455(gb|AAM90673)	74.876	605	146	2	27	625	4327	4931	9.55e-72	270	89
NZ_CP138514.1_378	VFG043455(gb|AAM90673)	74.836	608	147	3	27	628	4477	5084	9.55e-72	270	89
NZ_CP138514.1_378	VFG043455(gb|AAM90673)	74.754	610	148	3	27	630	3073	3682	3.43e-71	268	89
NZ_CP138514.1_378	VFG043455(gb|AAM90673)	74.754	610	148	3	27	630	3229	3838	3.43e-71	268	89
NZ_CP138514.1_378	VFG043455(gb|AAM90673)	74.754	610	148	2	27	630	3445	4054	3.43e-71	268	89
NZ_CP138514.1_378	VFG043455(gb|AAM90673)	74.797	615	143	6	27	629	3109	3723	1.24e-70	267	89
NZ_CP138514.1_378	VFG043455(gb|AAM90673)	74.585	602	153	0	27	628	3673	4274	4.44e-70	265	89
NZ_CP138514.1_378	VFG043455(gb|AAM90673)	74.548	609	149	3	27	629	4219	4827	5.75e-69	261	89
NZ_CP138514.1_378	VFG043455(gb|AAM90673)	74.461	603	154	0	26	628	4872	5474	5.75e-69	261	89
NZ_CP138514.1_378	VFG043455(gb|AAM90673)	74.419	602	154	0	27	628	2983	3584	2.07e-68	259	89
NZ_CP138514.1_378	VFG043455(gb|AAM90673)	74.507	608	149	4	27	628	4207	4814	2.07e-68	259	89
NZ_CP138514.1_378	VFG043455(gb|AAM90673)	74.507	608	149	2	27	628	4597	5204	2.07e-68	259	89
NZ_CP138514.1_378	VFG043455(gb|AAM90673)	74.214	636	154	9	3	630	2947	3580	7.43e-68	257	93
NZ_CP138514.1_378	VFG043455(gb|AAM90673)	74.513	616	145	6	27	630	4357	4972	7.43e-68	257	89
NZ_CP138514.1_378	VFG043455(gb|AAM90673)	74.430	614	145	4	27	628	3499	4112	9.62e-67	254	89
NZ_CP138514.1_378	VFG043455(gb|AAM90673)	74.497	596	146	2	33	622	4831	5426	9.62e-67	254	87
NZ_CP138514.1_378	VFG043455(gb|AAM90673)	75.337	519	128	0	110	628	2958	3476	1.24e-65	250	77
NZ_CP138514.1_378	VFG043455(gb|AAM90673)	74.497	596	140	5	27	622	4393	4976	4.47e-65	248	88
NZ_CP138514.1_378	VFG043455(gb|AAM90673)	74.695	573	133	4	69	629	2959	3531	5.79e-64	244	83
NZ_CP138514.1_378	VFG043455(gb|AAM90673)	74.146	615	147	8	26	628	4308	4922	5.79e-64	244	89
NZ_CP138514.1_378	VFG043455(gb|AAM90673)	74.013	608	152	2	27	628	4285	4892	2.08e-63	243	89
NZ_CP138514.1_378	VFG043455(gb|AAM90673)	74.795	488	117	2	141	628	2959	3440	4.54e-55	215	72
NZ_CP138514.1_613	VFG022803(gb|WP_041317387)	73.477	1116	230	51	1	1089	1	1077	1.28e-98	361	71
NZ_CP138514.1_667	VFG053036(gb|WP_008502640.1)	73.085	457	103	16	25	471	25	471	4.27e-34	145	93
NZ_CP138516.1_624	VFG043455(gb|AAM90673)	76.153	759	181	0	1	759	4130	4888	1.40e-110	399	94
NZ_CP138516.1_624	VFG043455(gb|AAM90673)	75.754	763	179	4	3	759	3346	4108	1.82e-104	379	94
NZ_CP138516.1_624	VFG043455(gb|AAM90673)	75.862	754	176	2	6	759	3595	4342	1.82e-104	379	94
NZ_CP138516.1_624	VFG043455(gb|AAM90673)	75.626	759	179	3	1	759	3572	4324	3.05e-102	372	94
NZ_CP138516.1_624	VFG043455(gb|AAM90673)	75.556	765	181	4	1	759	3986	4750	3.05e-102	372	94
NZ_CP138516.1_624	VFG043455(gb|AAM90673)	75.654	764	174	5	6	757	4687	5450	1.10e-101	370	94
NZ_CP138516.1_624	VFG043455(gb|AAM90673)	75.623	763	174	6	1	751	4214	4976	3.95e-101	368	93
NZ_CP138516.1_624	VFG043455(gb|AAM90673)	75.362	759	187	0	1	759	3536	4294	1.42e-100	366	94
NZ_CP138516.1_624	VFG043455(gb|AAM90673)	75.626	759	173	5	1	759	3788	4534	1.42e-100	366	94
NZ_CP138516.1_624	VFG043455(gb|AAM90673)	75.362	759	181	2	1	759	3512	4264	6.60e-99	361	94
NZ_CP138516.1_624	VFG043455(gb|AAM90673)	75.229	763	183	2	1	757	3842	4604	8.54e-98	357	94
NZ_CP138516.1_624	VFG043455(gb|AAM90673)	75.099	759	189	0	1	759	3080	3838	3.07e-97	355	94
NZ_CP138516.1_624	VFG043455(gb|AAM90673)	75.163	765	184	4	1	759	3458	4222	3.07e-97	355	94
NZ_CP138516.1_624	VFG043455(gb|AAM90673)	75.164	761	183	2	3	757	4612	5372	1.10e-96	353	94
NZ_CP138516.1_624	VFG043455(gb|AAM90673)	75.033	757	189	0	1	757	3014	3770	3.97e-96	351	94
NZ_CP138516.1_624	VFG043455(gb|AAM90673)	75.066	754	188	0	6	759	3169	3922	3.97e-96	351	94
NZ_CP138516.1_624	VFG043455(gb|AAM90673)	75.263	760	176	4	6	759	4573	5326	3.97e-96	351	94
NZ_CP138516.1_624	VFG043455(gb|AAM90673)	74.967	759	190	0	1	759	3194	3952	1.43e-95	350	94
NZ_CP138516.1_624	VFG043455(gb|AAM90673)	74.967	763	185	2	3	759	3952	4714	1.85e-94	346	94
NZ_CP138516.1_624	VFG043455(gb|AAM90673)	75.263	760	170	11	6	759	4033	4780	1.85e-94	346	94
NZ_CP138516.1_624	VFG043455(gb|AAM90673)	75.316	713	176	0	47	759	2958	3670	2.39e-93	342	89
NZ_CP138516.1_624	VFG043455(gb|AAM90673)	75.131	764	172	10	6	751	4663	5426	2.39e-93	342	93
NZ_CP138516.1_624	VFG043455(gb|AAM90673)	74.838	771	182	7	1	759	3284	4054	3.09e-92	339	94
NZ_CP138516.1_624	VFG043455(gb|AAM90673)	74.737	760	186	4	6	759	3223	3982	4.00e-91	335	94
NZ_CP138516.1_624	VFG043455(gb|AAM90673)	74.934	754	177	8	1	742	4328	5081	4.00e-91	335	92
NZ_CP138516.1_624	VFG043455(gb|AAM90673)	75.721	659	160	0	101	759	2958	3616	5.18e-90	331	82
NZ_CP138516.1_774	VFG037039(gb|WP_002221884)	79.414	1365	266	15	51	1407	45	1402	0.0	950	93
NZ_CP138516.1_910	VFG022803(gb|WP_041317387)	73.948	1117	223	54	1	1089	1	1077	5.85e-107	388	71
NZ_CP138497.1_578	VFG022803(gb|WP_041317387)	74.573	1113	223	52	1	1089	1	1077	2.67e-120	433	71
NZ_CP155749.1_268	VFG018296(gb|WP_002965156)	73.352	713	148	36	10	704	25	713	2.20e-58	226	98
NZ_CP155749.1_423	VFG011430(gb|WP_002963616)	82.011	189	34	0	1	189	1	189	1.97e-39	161	80
NZ_LR743510.1_540	VFG019204(gb|WP_006071912)	70.960	1219	324	27	44	1247	44	1247	3.95e-69	263	74
NZ_LR743510.1_613	VFG044308(gb|WP_006476052)	77.215	158	30	4	34	188	52	206	3.07e-17	87.9	72
NZ_LR743510.1_1066	VFG025826(gb|WP_006485893)	72.205	331	82	8	25	350	19	344	1.23e-18	93.5	85
NZ_LR743510.1_1215	VFG011627(gb|WP_002965156)	79.970	674	124	10	34	706	52	715	9.19e-137	486	95
NZ_LR743510.1_1538	VFG011429(gb|WP_002963985)	76.953	256	56	2	37	289	22	277	9.33e-34	143	83
NZ_LR743510.1_1780	VFG011430(gb|WP_002963616)	82.301	226	38	2	1	225	1	225	1.94e-49	195	95
NZ_CP062179.1_12	VFG037724(gb|WP_001027061)	73.253	501	130	4	2	500	2	500	1.25e-44	180	97
NZ_CP062179.1_371	VFG009266(gb|WP_003892337)	74.821	1259	253	54	52	1284	61	1281	1.02e-143	510	94
NZ_CP062179.1_614	VFG041764(gb|WP_004524345)	73.675	566	125	19	76	629	76	629	4.40e-50	198	85
NZ_CP049906.1_35	VFG044223(gb|WP_011533696)	71.710	2029	505	58	258	2250	228	2223	2.96e-141	503	89
NZ_CP049906.1_36	VFG044224(gb|WP_011533697)	71.411	829	189	37	69	873	114	918	1.09e-42	174	85
NZ_CP049906.1_37	VFG044225(gb|WP_011533698)	75.641	702	150	18	69	760	69	759	1.82e-89	329	88
NZ_CP049906.1_38	VFG044226(gb|WP_011533699)	73.022	834	177	38	90	899	117	926	1.72e-65	250	88
NZ_CP049906.1_39	VFG044227(gb|WP_193383915)	78.060	866	170	18	66	921	72	927	2.01e-149	529	91
NZ_CP049906.1_40	VFG044228(gb|WP_044488032)	72.328	1525	355	59	217	1703	217	1712	3.09e-115	416	84
NZ_CP049906.1_41	VFG044229(gb|WP_011533702)	71.509	1590	388	56	217	1774	217	1773	3.24e-100	366	86
NZ_CP069303.1_382	VFG019242(gb|WP_002966367)	71.838	1012	237	39	103	1090	103	1090	3.19e-64	246	75
NZ_CP069303.1_953	VFG011438(gb|WP_002963616)	82.969	229	35	3	1	227	1	227	3.22e-52	204	96
NZ_CP069303.1_1310	VFG019295(gb|WP_002964262)	77.022	779	154	20	74	839	65	831	8.69e-118	424	91
NZ_CP069303.1_1419	VFG011402(gb|WP_004688426)	72.152	395	97	9	64	450	61	450	5.53e-23	108	81
NZ_CP069303.1_1694	VFG019296(gb|WP_004685580)	70.350	742	189	27	177	903	196	921	3.94e-27	122	78
NZ_CP069303.1_1699	VFG011429(gb|WP_002963985)	87.008	254	33	0	8	261	8	261	3.72e-77	287	91
NZ_CP069303.1_2506	VFG019204(gb|WP_006071912)	75.722	1524	330	34	1	1504	1	1504	0.0	728	92
NZ_CP069303.1_2586	VFG034227(gb|WP_000992805)	72.801	614	159	8	8	617	5	614	4.61e-51	202	70
NZ_CP069303.1_3618	VFG011627(gb|WP_002965156)	80.360	723	111	19	3	723	21	714	9.34e-147	520	98
NZ_CP069303.1_3630	VFG043448(gb|NP_216353)	72.169	1890	429	80	331	2169	337	2180	2.87e-136	486	85
NZ_CP069303.1_4178	VFG011428(gb|WP_005977566)	73.099	684	163	19	33	704	27	701	8.48e-58	224	89
NZ_CP069303.1_4332	VFG022587(gb|WP_013827400)	78.068	1035	192	26	176	1197	197	1209	4.45e-177	621	79
CP063167.1_5	VFG040879(gb|NP_249378)	76.916	1031	198	29	183	1193	192	1202	1.99e-155	549	84
CP063167.1_6	VFG040878(gb|NP_249377)	79.735	1283	229	21	166	1440	151	1410	0.0	900	89
CP063167.1_11	VFG040873(gb|NP_249372)	77.834	397	79	6	54	447	51	441	6.35e-62	237	88
CP063167.1_182	VFG037027(gb|WP_002218620)	79.462	1339	261	13	51	1382	45	1376	0.0	937	91
CP063167.1_2219	VFG026325(gb|WP_009889299)	81.842	771	126	14	23	786	20	783	0.0	636	73
NZ_CP119142.1_28	VFG037140(gb|WP_071200370)	99.881	840	1	0	1	840	19	858	0.0	1546	100
NZ_CP119142.1_46	VFG019672(gb|WP_012503341)	94.549	3082	141	13	3	3063	93	3168	0.0	4735	99
NZ_CP119142.1_57	VFG006225	88.352	704	63	15	1	699	135	824	0.0	828	100
NZ_CP119142.1_60	VFG036458(gb|WP_014580847)	84.900	702	85	15	1	690	112	804	0.0	689	100
NZ_CP119142.1_84	VFG019697(gb|WP_003687350)	100.000	2196	0	0	1	2196	1	2196	0.0	4056	100
NZ_CP119142.1_85	VFG019696(gb|WP_003687351)	100.000	546	0	0	1	546	1	546	0.0	1009	100
NZ_CP119142.1_86	VFG019695(gb|WP_003690570)	100.000	648	0	0	1	648	1	648	0.0	1197	100
NZ_CP119142.1_87	VFG019694(gb|WP_003700890)	99.833	600	1	0	1	600	1	600	0.0	1103	100
NZ_CP119142.1_88	VFG006177(gb|WP_003696683)	100.000	1116	0	0	1	1116	1	1116	0.0	2061	100
NZ_CP119142.1_150	VFG037086(gb|WP_003696733)	100.000	915	0	0	1	915	1	915	0.0	1690	100
NZ_CP119142.1_151	VFG037068(gb|WP_003694816)	100.000	876	0	0	1	876	1	876	0.0	1618	100
NZ_CP119142.1_152	VFG037050(gb|WP_169577348)	100.000	726	0	0	31	756	1	726	0.0	1341	96
NZ_CP119142.1_257	VFG019713(gb|WP_003687540)	100.000	1059	0	0	1	1059	1	1059	0.0	1956	100
NZ_CP119142.1_258	VFG019712(gb|WP_010357027)	100.000	1518	0	0	13	1530	1	1518	0.0	2804	99
NZ_CP119142.1_259	VFG019711(gb|WP_003687545)	100.000	996	0	0	1	996	1	996	0.0	1840	100
NZ_CP119142.1_275	VFG037157(gb|WP_003687568)	99.811	528	1	0	1	528	1	528	0.0	970	100
NZ_CP119142.1_300	VFG019718	99.765	850	0	2	1	849	1	849	0.0	1557	100
NZ_CP119142.1_301	VFG019718	100.000	1272	0	0	1	1272	918	2189	0.0	2350	100
NZ_CP119142.1_302	VFG019717(gb|WP_003696779)	99.894	2832	3	0	1	2832	1	2832	0.0	5214	100
NZ_CP119142.1_317	VFG019710(gb|WP_012503430)	99.895	4782	5	0	1	4782	1	4782	0.0	8804	100
NZ_CP119142.1_359	VFG037122(gb|WP_003687706)	100.000	1674	0	0	1	1674	1	1674	0.0	3092	100
NZ_CP119142.1_386	VFG006201(gb|WP_003687753)	100.000	1113	0	0	19	1131	1	1113	0.0	2056	98
NZ_CP119142.1_388	VFG036921(gb|WP_003687757)	100.000	351	0	0	1	351	1	351	0.0	649	100
NZ_CP119142.1_490	VFG036834(gb|WP_041421240)	97.285	663	18	0	1	663	1	663	0.0	1125	100
NZ_CP119142.1_491	VFG036852(gb|WP_012503479)	100.000	615	0	0	1	615	1	615	0.0	1136	100
NZ_CP119142.1_492	VFG036870(gb|WP_012503480)	94.536	970	42	5	1	969	1	960	0.0	1487	100
NZ_CP119142.1_493	VFG036888(gb|WP_012503481)	96.569	612	18	1	1	609	1	612	0.0	1011	100
NZ_CP119142.1_494	VFG019691(gb|WP_012503482)	96.835	474	15	0	16	489	1	474	0.0	793	97
NZ_CP119142.1_626	VFG019692(gb|WP_003688950)	100.000	762	0	0	1	762	1	762	0.0	1408	100
NZ_CP119142.1_883	VFG019707(gb|WP_003691110)	99.874	792	1	0	1	792	1	792	0.0	1458	100
NZ_CP119142.1_908	VFG019708	100.000	912	0	0	1	912	234	1145	0.0	1685	100
NZ_CP119142.1_909	VFG019708	100.000	249	0	0	1	249	1	249	1.83e-129	460	100
NZ_CP119142.1_958	VFG006225	89.141	838	67	13	1	828	1	824	0.0	1022	100
NZ_CP119142.1_988	VFG019670(gb|WP_003693355)	100.000	960	0	0	1	960	52	1011	0.0	1773	100
NZ_CP119142.1_1034	VFG019703(gb|WP_082300776)	89.855	690	64	5	1	687	166	852	0.0	881	100
NZ_CP119142.1_1074	VFG042322(gb|WP_079278679)	100.000	149	0	0	20	168	2	150	6.01e-74	276	70
NZ_CP119142.1_1075	VFG042322(gb|WP_079278679)	97.908	239	5	0	1	239	163	401	1.42e-115	414	97
NZ_CP119142.1_1076	VFG042322(gb|WP_079278679)	98.086	209	4	0	1	209	406	614	1.23e-100	364	99
NZ_CP119142.1_1077	VFG042322(gb|WP_079278679)	96.711	1520	45	3	1	1518	1346	2862	0.0	2525	100
NZ_CP119142.1_1078	VFG006225	85.390	705	85	12	1	702	135	824	0.0	715	100
NZ_CP119142.1_1082	VFG019671(gb|WP_003701204)	99.296	1137	8	0	1	1137	1	1137	0.0	2056	100
NZ_CP119142.1_1151	VFG036263(gb|WP_180303007)	89.423	312	30	2	1	309	369	58	3.08e-108	390	100
NZ_CP119142.1_1152	VFG019703(gb|WP_082300776)	89.676	678	64	5	184	858	852	178	0.0	859	79
NZ_CP119142.1_1154	VFG036816(gb|WP_003689187)	100.000	1635	0	0	1	1635	1	1635	0.0	3020	100
NZ_CP119142.1_1184	VFG019714	100.000	351	0	0	1	351	2024	2374	0.0	649	100
NZ_CP119142.1_1185	VFG019714	100.000	939	0	0	1	939	1101	2039	0.0	1735	100
NZ_CP119142.1_1186	VFG019714	100.000	855	0	0	1	855	1	855	0.0	1580	100
NZ_CP119142.1_1221	VFG006108(gb|WP_003695696)	100.000	759	0	0	1	759	1	759	0.0	1402	100
NZ_CP119142.1_1222	VFG006117(gb|WP_003691706)	100.000	1065	0	0	1	1065	1	1065	0.0	1967	100
NZ_CP119142.1_1231	VFG037014(gb|WP_012503795)	100.000	1404	0	0	1	1404	1	1404	0.0	2593	100
NZ_CP119142.1_1232	VFG036996(gb|WP_003695678)	99.938	3204	2	0	1	3204	1	3204	0.0	5906	100
NZ_CP119142.1_1233	VFG036978(gb|WP_004465401)	99.839	1239	2	0	1	1239	1	1239	0.0	2278	100
NZ_CP119142.1_1246	VFG019723(gb|WP_003693740)	100.000	435	0	0	1	435	1	435	0.0	804	100
NZ_CP119142.1_1247	VFG019722(gb|WP_003695658)	100.000	663	0	0	1	663	1	663	0.0	1225	100
NZ_CP119142.1_1248	VFG006287(gb|WP_003693736)	100.000	852	0	0	1	852	1	852	0.0	1574	100
NZ_CP119142.1_1321	VFG036906(gb|WP_003689308)	100.000	390	0	0	1	390	1	390	0.0	721	100
NZ_CP119142.1_1335	VFG006219(gb|WP_079883341)	86.808	614	70	9	74	678	172	783	0.0	675	89
NZ_CP119142.1_1370	VFG019719(gb|WP_012503857)	98.981	2747	24	4	1	2745	1	2745	0.0	4915	100
NZ_CP119142.1_1371	VFG018803(gb|WP_041423310)	83.224	2134	299	33	1	2094	31	2145	0.0	1903	100
NZ_CP119142.1_1387	VFG019677(gb|WP_082300777)	88.140	430	40	10	1	427	36	457	1.97e-141	501	98
NZ_CP119142.1_1388	VFG006231(gb|WP_164920415)	89.557	699	61	6	1	687	106	804	0.0	876	100
NZ_CP119142.1_1431	VFG019704(gb|WP_082280540)	98.423	761	12	0	41	801	17	777	0.0	1339	95
NZ_CP119142.1_1530	VFG042733(gb|WP_002214937)	99.778	450	1	0	1	450	1	450	0.0	826	100
NZ_CP119142.1_1608	VFG006165(gb|WP_003689811)	100.000	1233	0	0	1	1233	1	1233	0.0	2278	100
NZ_CP119142.1_1609	VFG006157(gb|WP_003689814)	100.000	861	0	0	1	861	1	861	0.0	1591	100
NZ_CP119142.1_1612	VFG019689(gb|WP_003689817)	100.000	1677	0	0	1	1677	1	1677	0.0	3097	100
NZ_CP119142.1_1620	VFG036960(gb|WP_003703449)	100.000	1524	0	0	1	1524	1	1524	0.0	2815	100
NZ_CP119142.1_1621	VFG036942(gb|WP_012503946)	100.000	1155	0	0	1	1155	1	1155	0.0	2134	100
NZ_CP119142.1_1699	VFG019679(gb|WP_082286732)	88.571	420	39	3	133	549	1	414	2.71e-141	501	71
NZ_CP119142.1_1700	VFG019674	88.000	350	27	6	29	372	65	405	6.58e-111	399	88
NZ_CP119142.1_1701	VFG036458(gb|WP_014580847)	83.546	705	92	17	1	693	112	804	0.0	638	100
NZ_CP119142.1_1703	VFG037104(gb|WP_003687002)	99.809	1569	3	0	1	1569	1	1569	0.0	2881	100
NZ_CP119142.1_1718	VFG019679(gb|WP_082286732)	91.211	421	32	3	1	417	37	456	1.83e-161	568	100
NZ_CP119142.1_1826	VFG036797(gb|WP_003688094)	99.690	969	3	0	1	969	1	969	0.0	1773	100
NZ_CP119142.1_1845	VFG036782(gb|WP_010360974)	99.921	1272	1	0	1	1272	1	1272	0.0	2344	100
NZ_CP119142.1_1847	VFG019672(gb|WP_012503341)	94.549	3082	141	13	3	3063	93	3168	0.0	4735	99
NZ_CP119142.1_1849	VFG019700(gb|WP_003697786)	100.000	1227	0	0	1	1227	1	1227	0.0	2266	100
NZ_CP119142.1_1850	VFG019698(gb|WP_003690200)	100.000	1044	0	0	1	1044	1	1044	0.0	1929	100
NZ_CP119142.1_1902	VFG019706(gb|WP_012504043)	90.302	794	63	5	27	816	42	825	0.0	1027	97
NZ_CP119142.1_1906	VFG046459(gb|WP_004287053)	73.150	838	203	21	1	827	1	827	7.86e-75	281	70
NZ_CP119142.1_1923	VFG046459(gb|WP_004287053)	73.031	838	204	21	1	827	1	827	3.66e-73	276	70
NZ_CP119142.1_1958	VFG036502(gb|WP_002246508)	89.669	997	83	11	1	984	1	990	0.0	1253	100
NZ_CP119142.1_2003	VFG037032(gb|WP_003689973)	100.000	1515	0	0	1	1515	1	1515	0.0	2798	100
NZ_CP119142.1_2019	VFG019668	99.905	1057	0	1	145	1200	1	1057	0.0	1945	88
NZ_CP119142.1_2041	VFG006299(gb|WP_010951406)	97.712	2142	49	0	1	2142	1	2142	0.0	3685	100
NZ_CP119142.1_2043	VFG010486(gb|WP_011945838)	70.579	1227	327	29	423	1629	420	1632	8.62e-61	235	74
NZ_CP119142.1_2051	VFG018244(gb|WP_011079537)	73.982	442	101	12	1	435	1	435	9.56e-41	167	86
NZ_CP119142.1_2054	VFG019701	99.977	4408	0	1	1	4407	1	4408	0.0	8133	100
NZ_CP119142.1_2056	VFG019716(gb|WP_003690410)	99.877	2430	3	0	1	2430	1	2430	0.0	4471	100
NZ_CP119142.1_2057	VFG019715(gb|WP_003700809)	99.631	1083	1	1	1	1080	1	1083	0.0	1975	100
NZ_CP119142.1_2098	VFG019662	99.294	708	5	0	1	708	333	1040	0.0	1280	100
NZ_CP119142.1_2099	VFG006100(gb|WP_010356403)	96.905	840	26	0	1	840	1	840	0.0	1408	100
NZ_CP119142.1_2100	VFG019664(gb|WP_012504128)	100.000	168	0	0	1	168	1	168	1.28e-84	311	98
NZ_CP119142.1_2101	VFG019664(gb|WP_012504128)	99.755	815	0	1	1	813	110	924	0.0	1493	100
NZ_CP119142.1_2102	VFG006102(gb|WP_010951417)	100.000	681	0	0	1	681	337	1017	0.0	1258	100
NZ_CP119142.1_2103	VFG019666(gb|WP_003687168)	99.407	843	5	0	1	843	1	843	0.0	1530	100
NZ_CP119140.1_28	VFG037140(gb|WP_071200370)	100.000	840	0	0	1	840	19	858	0.0	1552	100
NZ_CP119140.1_46	VFG019672(gb|WP_012503341)	92.327	3180	205	20	1	3153	1	3168	0.0	4484	100
NZ_CP119140.1_59	VFG019705	92.362	707	35	14	1	693	82	783	0.0	989	100
NZ_CP119140.1_62	VFG019704(gb|WP_082280540)	93.274	669	30	1	1	654	109	777	0.0	972	100
NZ_CP119140.1_86	VFG019697(gb|WP_003687350)	99.863	2196	3	0	1	2196	1	2196	0.0	4039	100
NZ_CP119140.1_87	VFG019696(gb|WP_003687351)	99.817	546	1	0	1	546	1	546	0.0	1003	100
NZ_CP119140.1_88	VFG019695(gb|WP_003690570)	99.846	648	1	0	1	648	1	648	0.0	1192	100
NZ_CP119140.1_89	VFG019694(gb|WP_003700890)	99.833	600	1	0	1	600	1	600	0.0	1103	100
NZ_CP119140.1_90	VFG006177(gb|WP_003696683)	99.910	1116	1	0	1	1116	1	1116	0.0	2056	100
NZ_CP119140.1_152	VFG037086(gb|WP_003696733)	100.000	915	0	0	1	915	1	915	0.0	1690	100
NZ_CP119140.1_153	VFG037068(gb|WP_003694816)	100.000	876	0	0	1	876	1	876	0.0	1618	100
NZ_CP119140.1_154	VFG037050(gb|WP_169577348)	100.000	726	0	0	31	756	1	726	0.0	1341	96
NZ_CP119140.1_259	VFG019713(gb|WP_003687540)	99.811	1059	2	0	1	1059	1	1059	0.0	1945	100
NZ_CP119140.1_260	VFG019712(gb|WP_010357027)	99.934	1518	1	0	13	1530	1	1518	0.0	2798	99
NZ_CP119140.1_261	VFG006251(gb|WP_003687545)	100.000	996	0	0	1	996	1	996	0.0	1840	100
NZ_CP119140.1_276	VFG037157(gb|WP_003687568)	99.811	528	1	0	1	528	1	528	0.0	970	100
NZ_CP119140.1_301	VFG019718	99.681	2193	3	1	1	2193	1	2189	0.0	4008	100
NZ_CP119140.1_302	VFG019717(gb|WP_003696779)	100.000	2832	0	0	1	2832	1	2832	0.0	5230	100
NZ_CP119140.1_317	VFG019710(gb|WP_012503430)	100.000	1671	0	0	1	1671	3112	4782	0.0	3086	100
NZ_CP119140.1_318	VFG019710(gb|WP_012503430)	99.583	3115	12	1	1	3114	1	3115	0.0	5679	100
NZ_CP119140.1_360	VFG037122(gb|WP_003687706)	100.000	1674	0	0	1	1674	1	1674	0.0	3092	100
NZ_CP119140.1_387	VFG006201(gb|WP_003687753)	98.652	1113	15	0	19	1131	1	1113	0.0	1973	98
NZ_CP119140.1_389	VFG036920(gb|WP_002214009)	100.000	351	0	0	1	351	1	351	0.0	649	100
NZ_CP119140.1_489	VFG036834(gb|WP_041421240)	96.380	663	24	0	1	663	1	663	0.0	1092	100
NZ_CP119140.1_490	VFG036852(gb|WP_012503479)	95.610	615	21	1	1	609	1	615	0.0	981	100
NZ_CP119140.1_491	VFG036870(gb|WP_012503480)	93.333	960	46	5	1	942	1	960	0.0	1402	100
NZ_CP119140.1_492	VFG036888(gb|WP_012503481)	99.837	612	1	0	1	612	1	612	0.0	1125	100
NZ_CP119140.1_493	VFG019691(gb|WP_012503482)	100.000	474	0	0	16	489	1	474	0.0	876	97
NZ_CP119140.1_628	VFG019692(gb|WP_003688950)	100.000	762	0	0	1	762	1	762	0.0	1408	100
NZ_CP119140.1_885	VFG019707(gb|WP_003691110)	99.747	792	2	0	1	792	1	792	0.0	1452	100
NZ_CP119140.1_910	VFG006239	100.000	912	0	0	1	912	234	1145	0.0	1685	100
NZ_CP119140.1_911	VFG019708	100.000	249	0	0	1	249	1	249	1.83e-129	460	100
NZ_CP119140.1_960	VFG036472	91.474	692	45	6	1	680	196	885	0.0	939	79
NZ_CP119140.1_990	VFG006121(gb|WP_003706351)	99.479	960	5	0	1	960	52	1011	0.0	1746	100
NZ_CP119140.1_1038	VFG019706(gb|WP_012504043)	89.407	708	66	2	1	705	124	825	0.0	883	100
NZ_CP119140.1_1077	VFG042322(gb|WP_079278679)	97.490	239	6	0	1	239	163	401	6.63e-114	409	97
NZ_CP119140.1_1078	VFG042322(gb|WP_079278679)	98.565	209	3	0	1	209	406	614	2.64e-102	370	99
NZ_CP119140.1_1079	VFG042322(gb|WP_079278679)	96.776	1520	44	3	1	1518	1346	2862	0.0	2531	100
NZ_CP119140.1_1080	VFG019705	91.372	707	42	14	1	693	82	783	0.0	950	100
NZ_CP119140.1_1084	VFG019671(gb|WP_003701204)	99.648	1137	4	0	1	1137	1	1137	0.0	2078	100
NZ_CP119140.1_1149	VFG019676(gb|WP_187146768)	87.108	287	25	7	1	281	142	422	1.85e-85	315	94
NZ_CP119140.1_1150	VFG019703(gb|WP_082300776)	90.413	678	59	5	184	858	852	178	0.0	887	79
NZ_CP119140.1_1152	VFG036816(gb|WP_003689187)	99.939	1635	1	0	1	1635	1	1635	0.0	3014	100
NZ_CP119140.1_1183	VFG019714	100.000	351	0	0	1	351	2024	2374	0.0	649	100
NZ_CP119140.1_1184	VFG019714	100.000	939	0	0	1	939	1101	2039	0.0	1735	100
NZ_CP119140.1_1185	VFG019714	99.883	855	1	0	1	855	1	855	0.0	1574	100
NZ_CP119140.1_1220	VFG006108(gb|WP_003695696)	100.000	759	0	0	1	759	1	759	0.0	1402	100
NZ_CP119140.1_1221	VFG006117(gb|WP_003691706)	100.000	1065	0	0	1	1065	1	1065	0.0	1967	100
NZ_CP119140.1_1230	VFG037018(gb|WP_014575519)	96.011	1404	56	0	1	1404	1	1404	0.0	2283	100
NZ_CP119140.1_1231	VFG036996(gb|WP_003695678)	93.797	3208	191	5	1	3204	1	3204	0.0	4815	100
NZ_CP119140.1_1232	VFG036978(gb|WP_004465401)	99.596	1239	5	0	1	1239	1	1239	0.0	2261	100
NZ_CP119140.1_1245	VFG019723(gb|WP_003693740)	100.000	435	0	0	1	435	1	435	0.0	804	100
NZ_CP119140.1_1246	VFG019722(gb|WP_003695658)	100.000	663	0	0	1	663	1	663	0.0	1225	100
NZ_CP119140.1_1247	VFG006287(gb|WP_003693736)	100.000	852	0	0	1	852	1	852	0.0	1574	100
NZ_CP119140.1_1324	VFG036912(gb|WP_002237740)	98.969	388	4	0	1	388	1	388	0.0	695	99
NZ_CP119140.1_1338	VFG019705	90.935	706	50	8	1	696	82	783	0.0	937	100
NZ_CP119140.1_1370	VFG006279(gb|WP_010951283)	96.696	2754	76	5	1	2754	1	2739	0.0	4567	100
NZ_CP119140.1_1371	VFG006283(gb|WP_010951284)	87.304	2103	204	37	1	2061	31	2112	0.0	2346	100
NZ_CP119140.1_1388	VFG019676(gb|WP_187146768)	90.000	370	25	5	1	364	61	424	1.73e-131	468	96
NZ_CP119140.1_1389	VFG019706(gb|WP_012504043)	89.548	708	65	2	1	705	124	825	0.0	889	100
NZ_CP119140.1_1432	VFG019704(gb|WP_082280540)	93.606	782	30	2	5	771	1	777	0.0	1149	99
NZ_CP119140.1_1530	VFG042733(gb|WP_002214937)	99.778	450	1	0	1	450	1	450	0.0	826	100
NZ_CP119140.1_1607	VFG006165(gb|WP_003689811)	100.000	1233	0	0	1	1233	1	1233	0.0	2278	100
NZ_CP119140.1_1608	VFG006157(gb|WP_003689814)	100.000	861	0	0	1	861	1	861	0.0	1591	100
NZ_CP119140.1_1611	VFG019689(gb|WP_003689817)	100.000	1677	0	0	1	1677	1	1677	0.0	3097	100
NZ_CP119140.1_1619	VFG036960(gb|WP_003703449)	100.000	1524	0	0	1	1524	1	1524	0.0	2815	100
NZ_CP119140.1_1620	VFG036942(gb|WP_012503946)	100.000	1155	0	0	1	1155	1	1155	0.0	2134	100
NZ_CP119140.1_1695	VFG036263(gb|WP_180303007)	88.022	359	31	6	1	356	40	389	2.25e-115	414	95
NZ_CP119140.1_1697	VFG019674	87.923	414	44	2	1	414	1	408	7.03e-136	483	97
NZ_CP119140.1_1698	VFG019705	90.382	707	48	15	1	692	82	783	0.0	911	77
NZ_CP119140.1_1700	VFG037104(gb|WP_003687002)	99.745	1569	4	0	1	1569	1	1569	0.0	2876	100
NZ_CP119140.1_1717	VFG019684	90.506	474	39	3	1	470	57	528	1.72e-177	621	92
NZ_CP119140.1_1718	VFG006137(gb|WP_173024112)	90.800	250	20	2	12	261	303	549	2.11e-90	331	73
NZ_CP119140.1_1719	VFG019674	87.923	414	44	2	1	414	1	408	7.03e-136	483	97
NZ_CP119140.1_1825	VFG036797(gb|WP_003688094)	100.000	969	0	0	1	969	1	969	0.0	1790	100
NZ_CP119140.1_1844	VFG036782(gb|WP_010360974)	100.000	1272	0	0	1	1272	1	1272	0.0	2350	100
NZ_CP119140.1_1846	VFG019673(gb|WP_041421391)	89.987	3016	234	35	130	3114	1	2979	0.0	3834	96
NZ_CP119140.1_1849	VFG019700(gb|WP_003697786)	99.837	1228	0	2	1	1227	1	1227	0.0	2255	100
NZ_CP119140.1_1850	VFG019698(gb|WP_003690200)	99.808	1044	2	0	1	1044	1	1044	0.0	1917	100
NZ_CP119140.1_1862	VFG048829(gb|WP_004175258)	72.249	627	154	15	1	617	1	617	2.77e-43	176	71
NZ_CP119140.1_1902	VFG006233	93.139	685	45	2	1	684	97	780	0.0	1003	100
NZ_CP119140.1_1906	VFG046459(gb|WP_004287053)	73.150	838	203	21	1	827	1	827	7.86e-75	281	70
NZ_CP119140.1_1923	VFG046459(gb|WP_004287053)	73.150	838	203	21	1	827	1	827	7.86e-75	281	70
NZ_CP119140.1_1958	VFG036502(gb|WP_002246508)	89.368	997	86	12	1	984	1	990	0.0	1236	100
NZ_CP119140.1_2004	VFG037032(gb|WP_003689973)	99.934	1515	1	0	1	1515	1	1515	0.0	2793	100
NZ_CP119140.1_2021	VFG006111(gb|WP_010951397)	100.000	360	0	0	1	360	697	1056	0.0	665	100
NZ_CP119140.1_2022	VFG006111(gb|WP_010951397)	99.857	700	0	1	145	843	1	700	0.0	1286	83
NZ_CP119140.1_2044	VFG019724(gb|WP_041421409)	99.399	2163	13	0	1	2163	1	2163	0.0	3923	100
NZ_CP119140.1_2046	VFG001855(gb|WP_197535493)	70.545	1229	324	32	423	1629	423	1635	4.01e-59	230	74
NZ_CP119140.1_2054	VFG018244(gb|WP_011079537)	73.982	442	101	12	1	435	1	435	9.56e-41	167	86
NZ_CP119140.1_2057	VFG019701	99.886	4394	3	2	1	4392	1	4394	0.0	8085	100
NZ_CP119140.1_2059	VFG019716(gb|WP_003690410)	99.959	2430	1	0	1	2430	1	2430	0.0	4482	100
NZ_CP119140.1_2060	VFG019715(gb|WP_003700809)	99.723	1083	0	1	1	1080	1	1083	0.0	1980	100
NZ_CP119140.1_2101	VFG019662	99.011	708	7	0	1	708	333	1040	0.0	1269	100
NZ_CP119140.1_2102	VFG006100(gb|WP_010356403)	97.024	840	25	0	1	840	1	840	0.0	1413	100
NZ_CP119140.1_2103	VFG036111(gb|WP_002219866)	98.370	184	2	1	1	183	1	184	6.41e-88	322	100
NZ_CP119140.1_2104	VFG019664(gb|WP_012504128)	100.000	660	0	0	1	660	265	924	0.0	1219	100
NZ_CP119140.1_2105	VFG019665	99.313	1019	5	1	1	1017	1	1019	0.0	1842	100
NZ_CP119140.1_2106	VFG006104(gb|WP_010359715)	99.644	843	3	0	1	843	1	843	0.0	1541	100
NZ_CP115947.1_34	VFG025824(gb|WP_006754880)	76.986	365	72	10	23	384	20	375	2.70e-50	198	89
NZ_CP115947.1_67	VFG042033(gb|WP_011003416)	84.326	3426	453	63	1	3384	1	3384	0.0	3275	100
NZ_CP115947.1_348	VFG044121(gb|WP_005013753)	72.333	806	191	30	289	1078	322	1111	1.24e-57	224	72
NZ_CP115947.1_443	VFG042046(gb|WP_011002032)	80.300	934	161	13	1	924	1	921	0.0	684	100
NZ_CP115947.1_640	VFG042047(gb|WP_162939063)	82.426	7255	1199	60	147	7369	585	7795	0.0	6264	97
NZ_CP115947.1_814	VFG009680(gb|WP_011730169)	73.077	416	83	24	120	522	132	531	8.20e-27	121	73
NZ_CP115947.1_909	VFG042051(gb|WP_011001738)	77.545	1002	211	12	375	1366	192	1189	3.74e-168	592	72
NZ_CP115947.1_910	VFG042049(gb|WP_011001739)	79.834	1443	269	21	213	1644	138	1569	0.0	1033	87
NZ_CP115947.1_924	VFG042053(gb|WP_011001335)	73.691	2311	484	88	1	2237	1	2261	0.0	785	96
NZ_CP115947.1_953	VFG042052(gb|WP_011001424)	82.564	1755	274	20	26	1770	23	1755	0.0	1517	99
NZ_CP115947.1_1123	VFG022587(gb|WP_013827400)	78.165	1264	229	42	31	1269	40	1281	0.0	761	95
NZ_CP115947.1_1125	VFG042055(gb|WP_011001305)	81.405	1737	305	14	12	1742	117	1841	0.0	1402	97
NZ_CP115947.1_1786	VFG042032(gb|WP_011003475)	86.692	2134	269	10	9	2136	36	2160	0.0	2353	99
NZ_CP115947.1_1980	VFG042048(gb|WP_043876611)	81.180	3103	527	34	299	3365	2	3083	0.0	2442	91
NZ_CP115947.1_2052	VFG000028(gb|WP_003808614)	71.376	814	194	32	79	874	76	868	3.12e-43	176	82
NZ_CP115942.1_38	VFG025824(gb|WP_006754880)	77.534	365	70	10	23	384	20	375	1.25e-53	209	89
NZ_CP115942.1_65	VFG042033(gb|WP_011003416)	85.170	3412	450	44	1	3384	1	3384	0.0	3446	100
NZ_CP115942.1_119	VFG001269(gb|WP_010929996)	75.862	1595	345	38	531	2105	498	2072	0.0	776	72
NZ_CP115942.1_123	VFG042024(gb|WP_011003616)	89.938	1938	174	13	1	1923	1	1932	0.0	2479	100
NZ_CP115942.1_165	VFG042017(gb|WP_043876844)	85.217	3450	446	42	360	3768	702	4128	0.0	3487	87
NZ_CP115942.1_166	VFG042016(gb|WP_080511112)	88.713	3402	333	28	149	3537	2	3365	0.0	4108	89
NZ_CP115942.1_167	VFG042015(gb|WP_011004145)	86.569	3827	450	44	1	3810	214	3993	0.0	4161	100
NZ_CP115942.1_169	VFG042014(gb|WP_011004147)	95.686	510	22	0	1	510	1	510	0.0	821	100
NZ_CP115942.1_170	VFG042012(gb|WP_011004148)	91.272	951	80	1	1	948	1	951	0.0	1293	100
NZ_CP115942.1_171	VFG042013(gb|WP_011004149)	91.048	525	47	0	1	525	1	525	0.0	710	100
NZ_CP115942.1_172	VFG042008(gb|WP_011004150)	92.578	741	55	0	1	741	1	741	0.0	1064	100
NZ_CP115942.1_173	VFG042009(gb|WP_011004151)	95.614	456	20	0	1	456	1	456	0.0	732	100
NZ_CP115942.1_174	VFG042010(gb|WP_011004152)	87.179	234	24	5	1	234	1	228	1.86e-69	261	100
NZ_CP115942.1_175	VFG042011(gb|WP_011004153)	94.378	249	14	0	1	249	1	249	4.07e-106	383	100
NZ_CP115942.1_176	VFG042006(gb|WP_011004154)	91.057	246	22	0	1	246	1	246	4.10e-91	333	100
NZ_CP115942.1_177	VFG042007(gb|WP_011004155)	91.461	972	83	0	1	972	1	972	0.0	1336	100
NZ_CP115942.1_178	VFG042005(gb|WP_011004156)	87.151	1004	95	11	1	972	1	1002	0.0	1109	100
NZ_CP115942.1_179	VFG042004(gb|WP_003263753)	96.935	261	8	0	1	261	1	261	9.03e-123	438	100
NZ_CP115942.1_180	VFG042002(gb|WP_011004157)	97.401	654	17	0	1	654	1	654	0.0	1114	100
NZ_CP115942.1_181	VFG042003(gb|WP_011004158)	92.329	1069	77	3	1	1068	1	1065	0.0	1515	100
NZ_CP115942.1_182	VFG042000(gb|WP_011004159)	92.761	594	43	0	1	594	1	594	0.0	859	100
NZ_CP115942.1_183	VFG042001(gb|WP_011004160)	95.369	2073	96	0	1	2073	1	2073	0.0	3297	100
NZ_CP115942.1_184	VFG041999(gb|WP_011004161)	94.381	1050	59	0	1	1050	1	1050	0.0	1613	99
NZ_CP115942.1_185	VFG041997(gb|WP_011004162)	92.872	477	34	0	1	477	1	477	0.0	693	100
NZ_CP115942.1_186	VFG041998(gb|WP_011004163)	93.814	388	22	2	1	387	1	387	6.04e-166	582	100
NZ_CP115942.1_187	VFG041996(gb|WP_011004164)	95.438	811	35	2	1	810	1	810	0.0	1291	100
NZ_CP115942.1_188	VFG041995(gb|WP_011004165)	92.698	630	46	0	1	630	1	630	0.0	909	100
NZ_CP115942.1_189	VFG041994(gb|WP_011004166)	88.852	915	69	15	1	891	1	906	0.0	1094	100
NZ_CP115942.1_190	VFG041993(gb|WP_011004167)	94.773	1320	69	0	1	1320	1	1320	0.0	2056	100
NZ_CP115942.1_191	VFG041992(gb|WP_011004168)	93.413	501	33	0	1	501	1	501	0.0	743	100
NZ_CP115942.1_192	VFG041991(gb|WP_011004169)	93.757	849	53	0	1	849	1	849	0.0	1275	100
NZ_CP115942.1_193	VFG041990(gb|WP_011004170)	94.774	1435	73	2	1	1434	1	1434	0.0	2233	100
NZ_CP115942.1_194	VFG041989(gb|WP_011004171)	93.790	1707	106	0	67	1773	1	1707	0.0	2566	96
NZ_CP115942.1_196	VFG041987(gb|WP_011004173)	88.889	531	50	7	1	528	1	525	0.0	645	100
NZ_CP115942.1_197	VFG041986(gb|WP_011004174)	89.362	282	27	1	1	279	754	1035	1.30e-96	351	100
NZ_CP115942.1_270	VFG042046(gb|WP_011002032)	80.575	870	149	16	62	921	62	921	0.0	652	93
NZ_CP115942.1_281	VFG042048(gb|WP_043876611)	80.686	2858	518	28	7	2847	19	2859	0.0	2189	94
NZ_CP115942.1_324	VFG041969(gb|WP_043876882)	79.826	1150	216	13	74	1218	2	1140	0.0	824	94
NZ_CP115942.1_326	VFG025749(gb|WP_011546702)	75.259	675	149	15	79	744	49	714	2.97e-82	305	87
NZ_CP115942.1_329	VFG025788(gb|WP_006477362)	76.534	1662	318	59	57	1680	68	1695	0.0	843	78
NZ_CP115942.1_337	VFG025821(gb|WP_004185158)	73.166	477	105	21	81	544	75	541	1.27e-35	150	70
NZ_CP115942.1_338	VFG025824(gb|WP_006754880)	80.481	374	63	8	23	394	20	385	3.32e-74	278	93
NZ_CP115942.1_341	VFG025867(gb|WP_011832274)	73.684	779	171	30	79	840	106	867	3.49e-72	272	87
NZ_CP115942.1_344	VFG025889(gb|WP_012327702)	82.558	430	61	11	46	468	73	495	8.53e-101	366	86
NZ_CP115942.1_348	VFG002534(gb|WP_004198197)	76.764	822	161	27	37	843	37	843	1.48e-120	433	94
NZ_CP115942.1_546	VFG042025(gb|WP_011003610)	83.628	6908	1063	52	150	7026	141	7011	0.0	6429	98
NZ_CP115942.1_587	VFG009668(gb|WP_011560076)	74.876	2014	403	81	210	2170	276	2239	0.0	821	90
NZ_CP115942.1_618	VFG009402(gb|WP_003872332)	71.226	1126	270	49	196	1294	157	1255	7.77e-61	235	74
NZ_CP115942.1_620	VFG041983(gb|WP_043876845)	79.052	1709	324	26	387	2080	259	1948	0.0	1142	81
NZ_CP115942.1_623	VFG041984(gb|WP_011004179)	89.789	901	90	2	1	900	1	900	0.0	1153	100
NZ_CP115942.1_675	VFG041965(gb|WP_011004828)	94.147	598	35	0	235	832	1	598	0.0	911	70
NZ_CP115942.1_689	VFG041966(gb|WP_043876897)	81.333	750	122	12	1	735	187	933	5.45e-169	593	100
NZ_CP115942.1_714	VFG044393(gb|AAF33134)	70.767	1252	316	48	220	1443	268	1497	6.71e-62	239	74
NZ_CP115942.1_722	VFG042049(gb|WP_011001739)	82.379	1572	241	21	58	1602	7	1569	0.0	1336	96
NZ_CP115942.1_723	VFG042051(gb|WP_011001738)	84.483	174	27	0	22	195	1027	1200	7.60e-43	172	87
NZ_CP115942.1_1289	VFG041972(gb|WP_043876876)	88.322	4881	526	31	305	5160	368	5229	0.0	5816	94
NZ_CP115942.1_1392	VFG011134(gb|WP_003808614)	72.005	818	182	38	79	874	76	868	6.66e-50	198	82
NZ_AP026896.1_325	VFG038614(gb|WP_011704361)	81.564	857	137	20	9	855	9	854	0.0	688	98
NZ_AP026896.1_326	VFG038611(gb|WP_016349153)	76.783	603	122	17	1	594	1	594	2.28e-87	322	100
NZ_AP026896.1_327	VFG038607(gb|WP_016349154)	79.528	635	118	11	16	644	16	644	1.83e-123	442	97
NZ_AP026896.1_328	VFG038604(gb|WP_011899175)	78.188	298	49	13	80	366	29	321	1.13e-43	176	78
NZ_AP026896.1_331	VFG038596(gb|WP_016349157)	85.360	888	121	7	1	882	1	885	0.0	911	99
NZ_AP026896.1_333	VFG038589(gb|WP_011704368)	89.096	1715	180	6	1	1713	1	1710	0.0	2124	100
NZ_AP026896.1_334	VFG038586(gb|WP_011704369)	88.269	1219	143	0	1	1219	1	1219	0.0	1459	99
NZ_AP026896.1_336	VFG038581(gb|WP_043118279)	84.628	618	91	4	45	660	57	672	1.35e-174	612	93
NZ_AP026896.1_338	VFG038577(gb|WP_005348619)	97.275	477	13	0	13	489	19	495	0.0	809	98
NZ_AP026896.1_339	VFG038574(gb|WP_005348620)	95.722	561	24	0	1	561	1	561	0.0	904	100
NZ_AP026896.1_340	VFG038570(gb|WP_193352791)	92.704	932	64	3	1	930	1	930	0.0	1341	100
NZ_AP026896.1_341	VFG038565(gb|WP_005316363)	94.231	416	24	0	49	464	1	416	0.0	636	88
NZ_AP026896.1_465	VFG038318(gb|WP_005314162)	81.946	853	142	9	14	860	14	860	0.0	712	97
NZ_AP026896.1_466	VFG038436(gb|WP_016352169)	86.071	1242	173	0	1	1242	1	1242	0.0	1336	100
NZ_AP026896.1_467	VFG038431(gb|WP_011707569)	86.174	745	101	2	1	744	973	1716	0.0	804	100
NZ_AP026896.1_469	VFG038433(gb|WP_005314160)	86.638	928	124	0	1	928	1	928	0.0	1027	99
NZ_AP026896.1_504	VFG045727(gb|WP_003636647)	78.102	137	30	0	1	137	1	137	2.64e-17	87.9	72
NZ_AP026896.1_533	VFG038498(gb|WP_005320404)	85.751	386	52	3	22	405	19	403	1.48e-112	405	94
NZ_AP026896.1_545	VFG042801(gb|WP_005320435)	77.172	2383	495	39	1	2357	1	2360	0.0	1341	99
NZ_AP026896.1_561	VFG038467(gb|WP_011707390)	86.953	1119	128	12	1	1110	1	1110	0.0	1242	100
NZ_AP026896.1_562	VFG038463(gb|WP_011707389)	89.952	1035	104	0	1	1035	1	1035	0.0	1336	100
NZ_AP026896.1_634	VFG018241(gb|WP_001130227)	74.645	422	97	10	1	417	1	417	4.44e-44	178	82
NZ_AP026896.1_974	VFG044250(gb|WP_005311724)	83.791	728	114	3	67	792	64	789	0.0	688	92
NZ_AP026896.1_975	VFG044249(gb|WP_011899038)	86.006	1029	144	0	1	1029	4	1032	0.0	1103	100
NZ_AP026896.1_976	VFG044248(gb|WP_005311729)	81.637	855	133	17	1	846	1	840	0.0	688	100
NZ_AP026896.1_977	VFG044247(gb|WP_005311732)	87.160	514	64	2	1	513	1	513	8.11e-166	582	100
NZ_AP026896.1_978	VFG044246(gb|WP_005311733)	87.409	548	67	2	1	547	1	547	1.12e-179	628	98
NZ_AP026896.1_979	VFG044245(gb|WP_005311736)	80.988	405	72	4	1	404	1	401	7.15e-86	316	99
NZ_AP026896.1_980	VFG044244(gb|WP_005311738)	83.273	556	85	5	1	552	1	552	1.95e-142	505	100
NZ_AP026896.1_981	VFG044243(gb|WP_005311740)	80.626	991	153	33	1	961	1	982	0.0	730	99
NZ_AP026896.1_982	VFG044242(gb|WP_005311744)	86.511	2098	271	12	1	2092	1	2092	0.0	2296	99
NZ_AP026896.1_987	VFG042734(gb|NP_249343)	75.992	529	104	19	74	589	77	595	3.27e-66	252	81
NZ_AP026896.1_1535	VFG049140(gb|YP_005225488)	72.372	3120	766	84	9	3077	9	3083	0.0	898	97
NZ_AP026896.1_1609	VFG049103(gb|WP_004175258)	72.786	779	188	23	13	779	4	770	2.74e-63	243	87
NZ_AP026896.1_1610	VFG048807(gb|WP_015958697)	74.555	393	94	5	1	390	1	390	1.03e-40	167	72
NZ_AP026896.1_1643	VFG048797(gb|WP_004175261)	72.264	530	131	13	208	729	208	729	1.44e-35	150	70
NZ_AP026896.1_1645	VFG007657(gb|WP_043877045)	77.208	351	68	10	28	372	727	1071	4.04e-49	195	74
NZ_AP026896.1_1677	VFG038827(gb|WP_011706649)	78.846	416	84	4	4	417	1	414	3.45e-74	278	99
NZ_AP026896.1_1678	VFG038823(gb|WP_011706648)	83.165	297	44	4	1	294	1	294	5.65e-71	267	92
NZ_AP026896.1_1679	VFG038820(gb|WP_161785096)	79.854	685	136	2	1	684	1	684	1.13e-140	499	100
NZ_AP026896.1_1681	VFG038816(gb|WP_011706646)	87.882	916	103	6	1	912	1	912	0.0	1070	100
NZ_AP026896.1_1682	VFG038811(gb|WP_011706645)	85.558	824	117	2	1	823	1	823	0.0	861	99
NZ_AP026896.1_1683	VFG038808(gb|WP_011706644)	85.714	392	56	0	1	392	1	392	2.43e-115	414	98
NZ_AP026896.1_1684	VFG038804(gb|WP_011706643)	88.361	421	47	2	1	420	1	420	1.47e-142	505	100
NZ_AP026896.1_1685	VFG038799(gb|WP_011706642)	77.634	541	108	11	82	613	76	612	1.33e-85	316	72
NZ_AP026896.1_1687	VFG038791(gb|WP_011706640)	89.572	748	76	2	1	747	1	747	0.0	948	100
NZ_AP026896.1_1688	VFG038787(gb|WP_011706639)	87.867	783	93	2	1	782	1	782	0.0	918	99
NZ_AP026896.1_1689	VFG038784(gb|WP_011706638)	85.586	666	94	2	1	665	1	665	0.0	697	99
NZ_AP026896.1_1690	VFG038780(gb|WP_011706637)	86.581	1088	146	0	11	1098	11	1098	0.0	1201	99
NZ_AP026896.1_1691	VFG038776(gb|WP_016351320)	81.454	1073	169	28	1	1055	1	1061	0.0	852	96
NZ_AP026896.1_1692	VFG038771(gb|WP_011706635)	80.169	2012	374	20	1	1998	1	2001	0.0	1482	100
NZ_AP026896.1_1693	VFG038768(gb|WP_016351318)	79.003	1224	233	19	1	1215	1	1209	0.0	815	100
NZ_AP026896.1_1702	VFG038763(gb|WP_017409846)	85.078	1414	195	13	1	1406	10	1415	0.0	1428	99
NZ_AP026896.1_1703	VFG038760(gb|WP_016351312)	86.660	1027	131	6	12	1035	12	1035	0.0	1133	99
NZ_AP026896.1_1704	VFG038755(gb|WP_011706626)	88.344	1347	138	12	1	1333	1	1342	0.0	1600	99
NZ_AP026896.1_1720	VFG038901(gb|WP_011706614)	92.203	1321	101	2	1	1320	1	1320	0.0	1868	100
NZ_AP026896.1_1755	VFG038845(gb|WP_016351249)	90.079	756	73	2	1	755	1	755	0.0	979	99
NZ_AP026896.1_1756	VFG015081(gb|WP_003090351)	74.052	501	117	12	142	634	142	637	2.03e-48	193	76
NZ_AP026896.1_1784	VFG038471(gb|WP_011706550)	88.513	1123	127	2	1	1122	1	1122	0.0	1358	99
NZ_AP026896.1_1838	VFG038501(gb|WP_043119142)	76.265	1601	269	77	1	1517	1	1574	0.0	749	71
NZ_AP026896.1_1885	VFG038753(gb|WP_024944879)	87.229	877	110	2	1	876	1	876	0.0	998	100
NZ_AP026896.1_1933	VFG038505(gb|WP_011705643)	88.674	777	88	0	1	777	16	792	0.0	948	100
NZ_AP026896.1_1964	VFG038833(gb|WP_005314930)	80.452	885	155	17	1	876	4	879	0.0	660	100
NZ_AP026896.1_2341	VFG038840(gb|WP_005300916)	91.020	735	66	0	1	735	1	735	0.0	992	100
NZ_AP026896.1_2717	VFG044369(gb|WP_013318793)	74.250	567	131	13	193	750	199	759	8.41e-58	224	74
NZ_AP026896.1_2721	VFG044235(gb|WP_011706310)	89.556	1149	108	11	4	1143	49	1194	0.0	1447	99
NZ_AP026896.1_2915	VFG038748(gb|WP_005310311)	78.803	401	77	8	1	397	1	397	9.59e-70	263	96
NZ_AP026896.1_2916	VFG038744(gb|WP_005310309)	72.932	1378	327	39	9	1357	9	1369	1.86e-121	436	97
NZ_AP026896.1_2917	VFG038740(gb|WP_043118910)	77.251	422	94	2	1	421	1	421	9.89e-65	246	99
NZ_AP026896.1_2918	VFG038736(gb|WP_005310305)	78.261	920	181	16	1	909	1	912	8.84e-163	573	100
NZ_AP026896.1_2928	VFG038734(gb|WP_011705589)	77.913	901	186	9	8	903	8	900	1.49e-155	549	98
NZ_AP026896.1_3061	VFG013421(gb|WP_005630454)	72.506	411	113	0	120	530	120	530	1.11e-30	134	71
NZ_AP026896.1_3239	VFG043204(gb|WP_005298836)	89.691	485	50	0	1	485	1	485	5.89e-177	619	99
NZ_AP026896.1_3241	VFG038722(gb|WP_011705294)	84.715	772	114	4	1	770	1	770	0.0	769	97
NZ_AP026896.1_3242	VFG038720(gb|WP_005319281)	78.402	926	175	16	1	909	1	918	1.90e-164	579	100
NZ_AP026896.1_3243	VFG038716(gb|WP_011898510)	78.302	742	153	7	1	738	1	738	2.68e-132	472	100
NZ_AP026896.1_3244	VFG038711(gb|WP_016350060)	82.295	1124	179	16	1	1114	1	1114	0.0	955	99
NZ_AP026896.1_3245	VFG038707(gb|WP_016350059)	80.935	1689	267	42	495	2160	525	2181	0.0	1284	77
NZ_AP026896.1_3246	VFG038703(gb|WP_011705289)	83.737	744	115	5	1	741	1	741	0.0	699	100
NZ_AP026896.1_3247	VFG038698(gb|WP_010634617)	90.885	384	35	0	1	384	1	384	6.16e-146	516	100
NZ_AP026896.1_3248	VFG038695(gb|WP_017409955)	85.180	722	103	3	1	720	1	720	0.0	737	100
NZ_AP026896.1_3249	VFG038690(gb|WP_010634619)	90.411	876	84	0	10	885	1	876	0.0	1153	99
NZ_AP026896.1_3250	VFG038686(gb|WP_011705286)	87.536	1051	123	5	454	1500	376	1422	0.0	1208	70
NZ_AP026896.1_3251	VFG038683(gb|WP_016350056)	88.232	2082	237	7	20	2097	20	2097	0.0	2481	99
NZ_AP026896.1_3252	VFG038679(gb|WP_016350055)	87.367	1132	137	6	1	1129	1	1129	0.0	1293	99
NZ_AP026896.1_3253	VFG038675(gb|WP_011705283)	85.696	790	111	2	1	789	1	789	0.0	832	99
NZ_AP026896.1_3255	VFG038671(gb|WP_011705282)	88.561	271	29	2	1	270	1	270	2.12e-89	327	100
NZ_AP026896.1_3256	VFG038667(gb|WP_016350054)	91.667	708	59	0	51	758	72	779	0.0	981	93
NZ_AP026896.1_3257	VFG038662(gb|WP_005298795)	87.335	379	46	2	1	378	1	378	6.38e-121	433	98
NZ_AP026896.1_3258	VFG038659(gb|WP_011705280)	89.899	396	37	2	1	396	1	393	3.83e-143	507	100
NZ_AP026896.1_3259	VFG038654(gb|WP_011705279)	91.746	1054	85	2	1	1053	1	1053	0.0	1463	98
NZ_AP026896.1_3260	VFG038651(gb|WP_011705278)	85.385	520	58	10	1	505	1	517	4.92e-148	523	99
NZ_AP026896.1_3262	VFG038643(gb|WP_011705276)	83.596	445	65	6	1	441	1	441	3.46e-114	411	100
NZ_AP026896.1_3263	VFG038639(gb|WP_011705275)	88.957	1313	145	0	20	1332	20	1332	0.0	1622	99
NZ_AP026896.1_3264	VFG038635(gb|WP_016350051)	82.216	731	122	7	65	794	59	782	7.63e-178	623	91
NZ_AP026896.1_3265	VFG038630(gb|WP_011705273)	92.750	1062	73	4	1	1060	1	1060	0.0	1531	99
NZ_AP026896.1_3266	VFG038627(gb|WP_016350050)	88.068	1718	183	16	1	1701	1	1713	0.0	2017	100
NZ_AP026896.1_3267	VFG038623(gb|WP_011705271)	90.282	319	29	2	1	318	1	318	5.25e-116	416	100
NZ_AP026896.1_3420	VFG038459(gb|WP_011706966)	85.309	1620	232	6	580	2196	586	2202	0.0	1668	74
NZ_AP026896.1_3421	VFG038456(gb|WP_016351630)	80.118	508	98	1	25	529	19	526	1.54e-103	375	95
NZ_AP026896.1_3422	VFG038452(gb|WP_016351631)	79.492	590	110	7	1	583	1	586	1.71e-113	409	98
NZ_AP026896.1_3423	VFG038447(gb|WP_011706969)	81.250	528	99	0	1	528	1	528	4.49e-119	427	93
NZ_AP026896.1_3424	VFG038444(gb|WP_075384315)	77.601	1067	226	11	1	1062	13	1071	0.0	634	100
NZ_AP026896.1_3444	VFG038911(gb|WP_005354039)	85.968	620	81	5	1	617	1	617	0.0	658	93
NZ_AP026896.1_3530	VFG038832(gb|WP_016351724)	85.959	876	117	2	1	870	1	876	0.0	931	97
NZ_AP026896.1_3531	VFG038835(gb|WP_011707085)	91.173	759	67	0	1	759	1	759	0.0	1031	100
NZ_AP026896.1_3701	VFG038905(gb|WP_016351856)	83.575	621	98	4	6	624	9	627	1.30e-164	579	98
NZ_AP026896.1_3823	VFG043648(gb|NP_252312)	73.798	832	198	17	152	973	179	1000	8.30e-84	311	84
NZ_AP026896.1_3926	VFG038312(gb|WP_011704549)	84.342	760	114	3	1	759	1	756	0.0	739	100
NZ_AP026896.1_3927	VFG038310(gb|WP_005315842)	86.640	494	62	4	1	492	1	492	3.67e-154	544	100
NZ_AP026896.1_3928	VFG038304(gb|WP_011704547)	85.269	1188	169	6	19	1203	1	1185	0.0	1219	99
NZ_AP026896.1_3929	VFG038300(gb|WP_011704546)	86.758	1027	134	2	1	1026	1	1026	0.0	1142	100
NZ_AP026896.1_3930	VFG038297(gb|WP_016349341)	89.621	607	61	2	85	690	49	654	0.0	771	88
NZ_AP026896.1_3931	VFG038293(gb|WP_016349340)	92.023	351	28	0	73	423	10	360	3.20e-139	494	83
NZ_AP026896.1_3932	VFG038290(gb|WP_011899135)	81.468	545	93	7	24	564	24	564	5.70e-123	440	96
NZ_AP026896.1_3933	VFG038284(gb|WP_005308483)	96.759	432	14	0	1	432	1	432	0.0	721	100
NZ_AP026896.1_3934	VFG038280(gb|WP_011704542)	92.962	1222	80	4	1	1219	1	1219	0.0	1775	99
NZ_AP026896.1_3935	VFG038276(gb|WP_011704541)	92.720	1511	100	9	1	1506	1	1506	0.0	2172	100
NZ_AP026896.1_3936	VFG038272(gb|WP_011704540)	87.232	2005	230	22	1	1989	1	1995	0.0	2261	97
NZ_AP026896.1_3937	VFG038268(gb|WP_011704539)	83.955	885	121	15	1	876	52	924	0.0	828	100
NZ_AP026896.1_3949	VFG037929(gb|WP_164927751)	86.973	1589	199	6	1	1585	1	1585	0.0	1781	96
NZ_AP026896.1_3950	VFG038264(gb|WP_011707497)	76.320	701	132	26	1	684	1	684	5.62e-94	344	100
NZ_AP026896.1_4239	VFG037039(gb|WP_002221884)	70.837	1159	299	38	27	1167	42	1179	9.86e-60	231	79
NZ_AP026896.1_4255	VFG046475(gb|WP_013922406)	73.041	1187	304	14	2	1180	2	1180	4.47e-112	405	99
NZ_AP026896.1_4272	VFG046474(gb|WP_014714676)	73.255	1189	300	16	1	1180	1	1180	5.74e-116	418	99
NZ_AP026896.1_4303	VFG049196(gb|WP_004890358)	78.329	1855	382	17	460	2304	460	2304	0.0	1181	72
CP099606.1_119	VFG015355(gb|WP_011266421)	72.927	1182	257	53	16	1164	21	1172	6.43e-96	351	89
NZ_CP047170.1_403	VFG034232(gb|WP_001101723)	71.222	761	207	10	1	755	1	755	5.92e-45	182	88
NZ_CP093017.1_396	VFG030211(gb|WP_014001572)	70.970	1216	297	47	7	1188	4	1197	6.09e-62	239	79
CP090106.1_46	VFG018296(gb|WP_002965156)	80.536	709	118	14	3	710	21	710	5.51e-149	527	98
CP090106.1_232	VFG011428(gb|WP_005977566)	73.944	710	166	15	22	720	16	717	3.85e-71	268	93
CP090106.1_732	VFG009263(gb|WP_011726191)	76.227	1039	202	39	176	1196	197	1208	3.61e-143	508	79
CP090106.1_1278	VFG011430(gb|WP_002963616)	84.163	221	35	0	1	221	1	221	1.49e-55	215	93
CP090106.1_1601	VFG011417(gb|WP_004690885)	77.052	597	125	10	187	777	178	768	1.51e-90	333	70
CP090106.1_1665	VFG011402(gb|WP_004688426)	74.011	354	75	13	31	374	34	380	4.13e-29	128	74
CP090106.1_2133	VFG011429(gb|WP_002963985)	83.858	254	41	0	8	261	8	261	8.27e-64	243	90
CP090106.1_3106	VFG011451(gb|WP_002967073)	75.913	1561	336	35	43	1583	46	1586	0.0	763	95
CP090106.1_3285	VFG034224(gb|WP_001101732)	74.219	640	155	9	37	671	34	668	2.65e-68	259	74
NZ_CP088082.1_695	VFG048796(gb|WP_015958696)	73.388	853	201	25	220	1059	220	1059	9.94e-79	294	72
NZ_CP011515.1_52	VFG029487(gb|WP_003879222)	72.973	814	173	43	22	813	7	795	9.98e-63	241	89
NZ_CP011515.1_64	VFG015210(gb|WP_004406535)	72.308	195	43	8	16	204	13	202	5.13e-06	51.0	70
NC_009037.1_6	VFG046475(gb|WP_013922406)	77.196	1184	250	18	2	1175	2	1175	0.0	673	99
NZ_CP039965.1_558	VFG046459(gb|WP_004287053)	71.061	1206	288	48	1	1171	1	1180	1.71e-61	237	99
NZ_CP039965.1_574	VFG018296(gb|WP_002965156)	71.701	629	156	21	33	650	27	644	3.01e-37	156	85
CP023017.1_37	VFG025824(gb|WP_006754880)	77.260	365	71	10	23	384	20	375	5.81e-52	204	89
CP023017.1_65	VFG042033(gb|WP_011003416)	85.184	3422	440	49	1	3393	1	3384	0.0	3448	100
CP023017.1_104	VFG042032(gb|WP_011003475)	82.966	1996	307	23	2	1977	29	2011	0.0	1772	99
CP023017.1_126	VFG042030(gb|WP_011003508)	81.779	1877	303	31	1	1856	1	1859	0.0	1535	99
CP023017.1_128	VFG042030(gb|WP_011003508)	87.702	1732	209	4	2	1731	2321	4050	0.0	2015	94
CP023017.1_240	VFG001269(gb|WP_010929996)	75.386	1682	374	38	454	2115	421	2082	0.0	776	76
CP023017.1_247	VFG042024(gb|WP_011003616)	91.072	1781	144	8	5	1770	152	1932	0.0	2394	99
CP023017.1_276	VFG011279(gb|WP_003811891)	73.846	390	71	25	37	406	37	415	1.29e-28	126	91
CP023017.1_280	VFG025678(gb|WP_004197257)	80.888	743	128	13	27	762	27	762	7.58e-163	573	94
CP023017.1_282	VFG025697(gb|WP_171984524)	76.353	1053	189	46	103	1110	73	1110	8.63e-144	510	91
CP023017.1_290	VFG025426(gb|WP_006491273)	81.197	585	92	18	169	744	184	759	2.74e-127	455	77
CP023017.1_293	VFG025388(gb|WP_006477232)	76.520	954	186	31	13	947	13	947	1.32e-136	486	93
CP023017.1_306	VFG025515(gb|WP_012329408)	73.373	1014	231	31	1	993	1	996	1.07e-92	340	100
CP023017.1_559	VFG042019(gb|WP_011004029)	83.016	1525	243	14	53	1569	50	1566	0.0	1367	88
CP023017.1_589	VFG041142(gb|WP_006491869)	79.499	439	86	4	7	443	235	671	1.65e-83	309	79
CP023017.1_591	VFG041143(gb|WP_006477098)	77.868	1360	273	23	2	1347	2	1347	0.0	819	99
CP023017.1_594	VFG041147(gb|WP_006484397)	84.926	1413	209	4	512	1922	62	1472	0.0	1426	73
CP023017.1_595	VFG041148(gb|WP_006477093)	76.211	475	93	16	40	504	40	504	9.23e-61	233	92
CP023017.1_596	VFG041149(gb|WP_006477092)	76.371	474	90	19	1	463	1	463	2.41e-61	235	98
CP023017.1_616	VFG041154(gb|WP_006494417)	76.437	696	137	24	141	824	258	938	4.14e-96	351	82
CP023017.1_617	VFG041155(gb|WP_006483243)	75.621	443	94	12	181	616	550	985	6.96e-53	207	70
CP023017.1_618	VFG041156(gb|WP_012492310)	80.045	3583	594	94	266	3783	296	3822	0.0	2543	81
CP023017.1_683	VFG042018(gb|WP_011004120)	79.351	678	131	7	1	675	196	867	3.16e-131	468	100
CP023017.1_718	VFG042017(gb|WP_043876844)	85.088	3447	456	38	366	3774	702	4128	0.0	3465	87
CP023017.1_719	VFG042016(gb|WP_080511112)	88.967	3399	329	26	149	3536	2	3365	0.0	4157	89
CP023017.1_720	VFG042015(gb|WP_011004145)	83.369	463	69	8	1	459	3535	3993	1.67e-117	422	100
CP023017.1_721	VFG042015(gb|WP_011004145)	86.944	3554	392	48	97	3636	1	3496	0.0	3927	97
CP023017.1_723	VFG042014(gb|WP_011004147)	95.686	510	22	0	1	510	1	510	0.0	821	100
CP023017.1_724	VFG042012(gb|WP_011004148)	91.167	951	81	1	1	948	1	951	0.0	1288	100
CP023017.1_725	VFG042013(gb|WP_011004149)	89.688	417	43	0	4	420	109	525	6.73e-151	532	99
CP023017.1_726	VFG042008(gb|WP_011004150)	92.578	741	55	0	1	741	1	741	0.0	1064	100
CP023017.1_727	VFG042009(gb|WP_011004151)	95.614	456	20	0	1	456	1	456	0.0	732	100
CP023017.1_728	VFG042010(gb|WP_011004152)	88.158	228	27	0	1	228	1	228	8.34e-73	272	100
CP023017.1_729	VFG042011(gb|WP_011004153)	94.779	249	13	0	1	249	1	249	8.75e-108	388	100
CP023017.1_730	VFG042006(gb|WP_011004154)	91.057	246	22	0	1	246	1	246	4.10e-91	333	100
CP023017.1_731	VFG042007(gb|WP_011004155)	91.564	972	82	0	1	972	1	972	0.0	1341	100
CP023017.1_732	VFG042005(gb|WP_011004156)	86.753	1004	99	12	1	972	1	1002	0.0	1086	100
CP023017.1_733	VFG042004(gb|WP_003263753)	96.935	261	8	0	1	261	1	261	9.03e-123	438	100
CP023017.1_734	VFG042002(gb|WP_011004157)	97.554	654	16	0	1	654	1	654	0.0	1120	100
CP023017.1_735	VFG042003(gb|WP_011004158)	91.862	1069	82	3	1	1068	1	1065	0.0	1487	100
CP023017.1_736	VFG042000(gb|WP_011004159)	93.300	597	37	3	1	597	1	594	0.0	878	100
CP023017.1_737	VFG042001(gb|WP_011004160)	95.224	2073	99	0	1	2073	1	2073	0.0	3280	100
CP023017.1_738	VFG041999(gb|WP_011004161)	94.571	1050	57	0	1	1050	1	1050	0.0	1624	99
CP023017.1_739	VFG041997(gb|WP_011004162)	92.872	477	34	0	1	477	1	477	0.0	693	100
CP023017.1_740	VFG041998(gb|WP_011004163)	94.330	388	20	2	1	387	1	387	2.79e-169	593	100
CP023017.1_741	VFG041996(gb|WP_011004164)	95.561	811	34	2	1	810	1	810	0.0	1297	100
CP023017.1_742	VFG041995(gb|WP_011004165)	92.381	630	48	0	1	630	1	630	0.0	898	100
CP023017.1_743	VFG041994(gb|WP_011004166)	89.069	924	71	16	1	912	1	906	0.0	1120	100
CP023017.1_744	VFG041993(gb|WP_011004167)	95.000	1320	66	0	1	1320	1	1320	0.0	2073	100
CP023017.1_745	VFG041992(gb|WP_011004168)	93.413	501	33	0	1	501	1	501	0.0	743	100
CP023017.1_746	VFG041991(gb|WP_011004169)	93.640	849	54	0	1	849	1	849	0.0	1269	100
CP023017.1_747	VFG041990(gb|WP_011004170)	94.564	1435	76	2	1	1434	1	1434	0.0	2217	100
CP023017.1_748	VFG041989(gb|WP_011004171)	94.142	1707	100	0	67	1773	1	1707	0.0	2599	96
CP023017.1_750	VFG041987(gb|WP_011004173)	88.889	531	50	7	1	528	1	525	0.0	645	100
CP023017.1_759	VFG041984(gb|WP_011004179)	90.455	901	84	2	1	900	1	900	0.0	1186	100
CP023017.1_762	VFG041983(gb|WP_043876845)	79.825	1710	309	27	387	2080	259	1948	0.0	1214	81
CP023017.1_763	VFG009402(gb|WP_003872332)	71.130	1150	279	48	172	1294	132	1255	7.77e-61	235	76
CP023017.1_803	VFG042047(gb|WP_162939063)	84.921	126	17	2	1	125	7591	7715	3.57e-29	126	97
CP023017.1_887	VFG041980(gb|WP_086004999)	75.410	427	78	19	1	412	568	982	2.78e-45	182	99
CP023017.1_888	VFG042008(gb|WP_011004150)	76.358	681	149	10	1	675	1	675	3.38e-97	355	77
CP023017.1_890	VFG041979(gb|WP_011004314)	87.408	2708	320	15	304	3003	22	2716	0.0	3092	90
CP023017.1_891	VFG041979(gb|WP_011004314)	91.433	712	55	4	1	712	2713	3418	0.0	972	96
CP023017.1_900	VFG041978(gb|WP_011004321)	83.455	3415	512	39	191	3571	2	3397	0.0	3127	80
CP023017.1_974	VFG041972(gb|WP_043876876)	89.189	4745	483	22	426	5160	505	5229	0.0	5893	92
CP023017.1_1045	VFG041974(gb|WP_011004419)	83.660	1377	213	12	1	1371	1	1371	0.0	1286	98
CP023017.1_1137	VFG041976(gb|WP_119918828)	82.109	1062	176	13	60	1114	9	1063	0.0	896	94
CP023017.1_1147	VFG041977(gb|WP_043876872)	89.349	1305	133	4	53	1352	1	1304	0.0	1635	96
CP023017.1_1221	VFG041971(gb|WP_011004624)	84.755	5602	821	22	11	5602	81	5659	0.0	5583	98
CP023017.1_1222	VFG041971(gb|WP_011004624)	82.039	1609	279	10	1	1604	5746	7349	0.0	1362	85
CP023017.1_1241	VFG025749(gb|WP_011546702)	75.710	634	136	15	120	744	90	714	3.84e-81	302	82
CP023017.1_1244	VFG025794(gb|WP_004198639)	75.000	1752	364	59	57	1769	65	1781	0.0	741	82
CP023017.1_1252	VFG025821(gb|WP_004185158)	72.956	477	106	20	81	544	75	541	5.93e-34	145	70
CP023017.1_1253	VFG025824(gb|WP_006754880)	80.749	374	62	8	23	394	20	385	7.14e-76	283	93
CP023017.1_1256	VFG025867(gb|WP_011832274)	73.752	781	167	34	79	840	106	867	3.49e-72	272	87
CP023017.1_1259	VFG025889(gb|WP_012327702)	82.326	430	62	11	46	468	73	495	3.97e-99	361	86
CP023017.1_1263	VFG002534(gb|WP_004198197)	76.736	821	163	25	37	843	37	843	1.48e-120	433	94
CP023017.1_1283	VFG041968(gb|WP_043876888)	75.345	580	125	16	97	668	55	624	1.58e-69	263	86
CP023017.1_1297	VFG041967(gb|WP_043876892)	77.936	1124	223	19	1	1113	1	1110	0.0	678	100
CP023017.1_1477	VFG041965(gb|WP_011004828)	94.314	598	34	0	235	832	1	598	0.0	917	70
CP023017.1_1488	VFG041966(gb|WP_043876897)	81.442	749	123	9	1	735	187	933	1.17e-170	599	100
CP023017.1_1620	VFG011134(gb|WP_003808614)	71.760	818	184	35	79	874	76	868	1.44e-46	187	82
NZ_CP029358.1_52	VFG041187(gb|WP_012849267)	77.972	286	59	4	7	290	10	293	9.10e-44	176	95
CP025986.1_97	VFG042030(gb|WP_011003508)	98.782	657	8	0	1	657	3466	4122	0.0	1170	100
CP025986.1_99	VFG042030(gb|WP_011003508)	98.585	3462	49	0	1	3462	1	3462	0.0	6122	97
CP025986.1_135	VFG042032(gb|WP_011003475)	99.537	2160	10	0	1	2160	1	2160	0.0	3934	100
CP025986.1_163	VFG000028(gb|WP_003808614)	72.393	815	188	31	77	874	74	868	1.10e-57	224	82
CP025986.1_230	VFG042033(gb|WP_011003416)	99.764	3384	8	0	1	3384	1	3384	0.0	6205	100
CP025986.1_316	VFG041966(gb|WP_043876897)	98.821	933	11	0	46	978	1	933	0.0	1663	95
CP025986.1_330	VFG041965(gb|WP_011004828)	99.668	603	2	0	232	834	1	603	0.0	1103	72
CP025986.1_437	VFG041967(gb|WP_043876892)	99.083	1090	10	0	258	1347	21	1110	0.0	1958	81
CP025986.1_455	VFG041968(gb|WP_043876888)	98.981	687	7	0	1	687	139	825	0.0	1230	100
CP025986.1_508	VFG025678(gb|WP_004197257)	80.027	746	137	12	27	766	27	766	2.14e-153	542	95
CP025986.1_510	VFG025697(gb|WP_171984524)	76.054	1044	182	52	103	1097	73	1097	6.76e-135	481	90
CP025986.1_537	VFG025426(gb|WP_006491273)	81.058	586	91	19	169	744	184	759	1.27e-125	449	77
CP025986.1_540	VFG025387(gb|WP_006477232)	76.471	952	190	29	13	947	13	947	1.32e-136	486	93
CP025986.1_553	VFG025515(gb|WP_012329408)	73.445	1013	232	32	1	993	1	996	2.30e-94	346	100
CP025986.1_1010	VFG042057(gb|WP_043876582)	99.028	2058	20	0	1	2058	1	2058	0.0	3690	100
CP025986.1_1018	VFG042055(gb|WP_011001305)	87.780	1874	210	19	1	1866	1	1863	0.0	2174	100
CP025986.1_1019	VFG042054(gb|WP_119918758)	99.742	1941	5	0	1	1941	1	1941	0.0	3557	100
CP025986.1_1020	VFG022587(gb|WP_013827400)	78.041	1266	227	45	31	1269	40	1281	0.0	750	95
CP025986.1_1047	VFG042053(gb|WP_011001335)	98.911	2296	25	0	1	2296	1	2296	0.0	4102	99
CP025986.1_1048	VFG041115(gb|WP_004528803)	76.036	555	127	6	72	623	75	626	1.14e-75	283	88
CP025986.1_1112	VFG042017(gb|WP_043876844)	99.283	4323	31	0	1	4323	1	4323	0.0	7812	100
CP025986.1_1113	VFG042016(gb|WP_080511112)	98.632	3582	37	1	148	3717	1	3582	0.0	6333	96
CP025986.1_1114	VFG042015(gb|WP_011004145)	99.474	3993	18	1	1	3990	1	3993	0.0	7254	100
CP025986.1_1116	VFG042014(gb|WP_011004147)	99.804	510	1	0	1	510	1	510	0.0	937	100
CP025986.1_1117	VFG042012(gb|WP_011004148)	99.264	951	7	0	1	951	1	951	0.0	1718	100
CP025986.1_1118	VFG042013(gb|WP_011004149)	99.810	525	1	0	1	525	1	525	0.0	965	100
CP025986.1_1121	VFG042008(gb|WP_011004150)	99.460	741	4	0	1	741	1	741	0.0	1347	100
CP025986.1_1122	VFG042009(gb|WP_011004151)	99.123	456	4	0	1	456	1	456	0.0	821	100
CP025986.1_1123	VFG042010(gb|WP_011004152)	99.123	228	2	0	1	228	1	228	1.69e-114	411	100
CP025986.1_1124	VFG042011(gb|WP_011004153)	99.598	249	1	0	1	249	1	249	8.51e-128	455	100
CP025986.1_1125	VFG042006(gb|WP_011004154)	99.593	246	1	0	1	246	1	246	3.91e-126	449	100
CP025986.1_1126	VFG042007(gb|WP_011004155)	99.486	972	5	0	1	972	1	972	0.0	1768	100
CP025986.1_1127	VFG042005(gb|WP_011004156)	98.503	1002	6	1	1	993	1	1002	0.0	1759	100
CP025986.1_1128	VFG042004(gb|WP_003263753)	100.000	261	0	0	1	261	1	261	4.11e-136	483	100
CP025986.1_1129	VFG042002(gb|WP_011004157)	99.388	654	4	0	1	654	1	654	0.0	1186	100
CP025986.1_1130	VFG042003(gb|WP_011004158)	98.967	1065	11	0	1	1065	1	1065	0.0	1906	100
CP025986.1_1131	VFG042000(gb|WP_011004159)	98.990	594	6	0	1	594	1	594	0.0	1064	100
CP025986.1_1132	VFG042001(gb|WP_011004160)	99.662	2073	7	0	1	2073	1	2073	0.0	3790	100
CP025986.1_1133	VFG041999(gb|WP_011004161)	99.348	1074	7	0	1	1074	1	1074	0.0	1945	100
CP025986.1_1134	VFG041997(gb|WP_011004162)	99.790	477	1	0	1	477	1	477	0.0	876	100
CP025986.1_1135	VFG041998(gb|WP_011004163)	99.483	387	2	0	1	387	1	387	0.0	704	100
CP025986.1_1136	VFG041996(gb|WP_011004164)	99.753	810	2	0	1	810	1	810	0.0	1485	100
CP025986.1_1137	VFG041995(gb|WP_011004165)	99.683	630	2	0	1	630	1	630	0.0	1153	100
CP025986.1_1138	VFG041994(gb|WP_011004166)	98.575	912	7	4	1	912	1	906	0.0	1607	100
CP025986.1_1139	VFG041993(gb|WP_011004167)	99.545	1320	6	0	1	1320	1	1320	0.0	2405	100
CP025986.1_1140	VFG041992(gb|WP_011004168)	99.401	501	3	0	1	501	1	501	0.0	909	100
CP025986.1_1141	VFG041991(gb|WP_011004169)	99.647	849	3	0	1	849	1	849	0.0	1552	100
CP025986.1_1142	VFG041990(gb|WP_011004170)	99.651	1434	5	0	1	1434	1	1434	0.0	2621	100
CP025986.1_1143	VFG041989(gb|WP_011004171)	99.590	1707	7	0	67	1773	1	1707	0.0	3114	96
CP025986.1_1144	VFG041988(gb|WP_011004172)	99.763	2955	7	0	1	2955	121	3075	0.0	5419	100
CP025986.1_1145	VFG041987(gb|WP_011004173)	99.619	525	2	0	1	525	1	525	0.0	959	100
CP025986.1_1146	VFG041986(gb|WP_011004174)	97.778	1035	5	3	1	1017	1	1035	0.0	1768	100
CP025986.1_1148	VFG041985(gb|WP_011004176)	98.497	1464	4	1	1	1446	1	1464	0.0	2566	100
CP025986.1_1151	VFG041984(gb|WP_011004179)	99.778	900	2	0	1	900	1	900	0.0	1652	100
CP025986.1_1155	VFG041983(gb|WP_043876845)	99.394	1980	12	0	1	1980	1	1980	0.0	3591	100
CP025986.1_1157	VFG009402(gb|WP_003872332)	71.779	1141	264	53	100	1211	61	1172	2.13e-71	270	75
CP025986.1_1234	VFG042018(gb|WP_011004120)	98.731	867	11	0	1	867	1	867	0.0	1541	100
CP025986.1_1278	VFG026043(gb|WP_004206379)	71.321	530	123	25	191	706	189	703	2.35e-23	110	72
CP025986.1_1303	VFG009610(gb|WP_011781697)	74.753	1113	212	58	1	1080	1	1077	7.49e-121	435	70
CP025986.1_1429	VFG041980(gb|WP_086004999)	98.079	1041	20	0	211	1251	1	1041	0.0	1812	83
CP025986.1_1432	VFG041979(gb|WP_011004314)	99.768	3441	8	0	1	3441	1	3441	0.0	6311	100
CP025986.1_1440	VFG041978(gb|WP_011004321)	99.340	3939	20	1	175	4113	1	3933	0.0	7125	96
CP025986.1_1560	VFG041974(gb|WP_011004419)	98.947	1425	15	0	1	1425	1	1425	0.0	2549	100
CP025986.1_1666	VFG041976(gb|WP_119918828)	99.273	1101	8	0	439	1539	1	1101	0.0	1989	72
CP025986.1_1669	VFG041977(gb|WP_043876872)	99.400	2832	17	0	1	2832	1	2832	0.0	5136	100
CP025986.1_1707	VFG041973(gb|WP_043876975)	99.631	1085	4	0	473	1557	2	1086	0.0	1982	70
CP025986.1_1711	VFG041972(gb|WP_043876876)	99.560	5229	23	0	1	5229	1	5229	0.0	9529	100
CP025986.1_1742	VFG041970(gb|WP_119918829)	98.726	2355	15	2	289	2634	1	2349	0.0	4169	89
CP025986.1_1746	VFG041969(gb|WP_043876882)	98.596	1140	16	0	391	1530	1	1140	0.0	2017	75
CP025986.1_1748	VFG025749(gb|WP_011546702)	76.296	675	142	15	79	744	49	714	6.29e-94	344	87
CP025986.1_1751	VFG025788(gb|WP_006477362)	76.220	1783	345	66	57	1799	68	1811	0.0	870	83
CP025986.1_1759	VFG025821(gb|WP_004185158)	72.117	477	110	20	81	544	75	541	2.78e-27	122	70
CP025986.1_1760	VFG025824(gb|WP_006754880)	80.601	366	61	8	23	386	20	377	4.30e-73	274	91
CP025986.1_1763	VFG025867(gb|WP_011832274)	74.398	789	148	45	79	840	106	867	3.46e-77	289	87
CP025986.1_1765	VFG025889(gb|WP_012327702)	83.721	430	56	11	46	468	73	495	3.91e-109	394	86
CP025986.1_1769	VFG002534(gb|WP_004198197)	77.129	822	166	20	37	847	37	847	8.78e-128	457	94
CP025986.1_1791	VFG042023(gb|WP_011003635)	99.041	1356	13	0	184	1539	1	1356	0.0	2433	88
CP025986.1_1810	VFG042024(gb|WP_011003616)	95.137	1933	92	2	1	1932	1	1932	0.0	3048	100
CP025986.1_1814	VFG042025(gb|WP_011003610)	99.259	7018	50	2	1	7017	1	7017	0.0	12670	100
CP025986.1_1817	VFG001269(gb|WP_010929996)	75.719	1668	367	36	457	2105	421	2069	0.0	802	76
NZ_CP023549.1_40	VFG043535(gb|WP_004686048)	74.877	1222	271	27	67	1267	73	1279	1.30e-147	523	93
NZ_CP023549.1_664	VFG020007(gb|WP_003104973)	74.109	1290	273	55	194	1457	185	1439	4.32e-133	475	83
